39.5698	222
39.941	213
40.3108	230
40.6805	209
41.0503	220
41.42	189
41.7897	212
42.1593	217
42.529	203
42.9001	219
43.2697	241
43.6393	216
44.0089	214
44.3784	213
44.748	206
45.1175	208
45.487	222
45.8565	209
46.226	202
46.5955	218
46.9649	230
47.3343	196
47.7052	235
48.0746	235
48.4439	240
48.8133	213
49.1826	204
49.5519	178
49.9212	221
50.2905	213
50.6598	236
51.029	246
51.3982	262
51.7675	255
52.1366	277
52.5058	299
52.875	339
53.2441	385
53.6132	393
53.9823	377
54.3514	409
54.7205	494
55.0895	501
55.4586	439
55.8276	358
56.1966	373
56.5641	401
56.9331	408
57.302	463
57.671	497
58.0399	626
58.4088	800
58.7776	1193
59.1465	1612
59.5153	1687
59.8841	1503
60.2529	1353
60.6217	1462
60.9905	1738
61.3578	2165
61.7265	2914
62.0953	3566
62.464	3992
62.8326	3750
63.2013	3113
63.5699	2566
63.9386	1991
64.3057	1788
64.6743	1609
65.0429	1334
65.4114	1070
65.78	821
66.1485	664
66.517	535
66.884	440
67.2525	373
67.621	367
67.9894	330
68.3578	313
68.7248	313
69.0931	267
69.4615	270
69.8299	270
70.1982	283
70.565	287
70.9333	321
71.3016	351
71.6699	412
72.0381	467
72.4049	566
72.7731	727
73.1413	889
73.5094	872
73.8762	774
74.2443	587
74.6124	472
74.9805	381
75.3471	308
75.7152	276
76.0832	217
76.4513	234
76.8178	203
77.1858	221
77.5538	180
77.9203	195
78.2883	199
78.6562	190
79.0241	189
79.3905	175
79.7584	173
80.1262	170
80.4926	170
80.8605	171
81.2282	185
81.5946	155
81.9624	169
82.3301	158
82.6964	161
83.0641	186
83.4318	177
83.798	175
84.1657	155
84.5319	176
84.8995	172
85.2671	179
85.6333	183
86.0008	194
86.3684	200
86.7345	187
87.102	195
87.468	185
87.8355	195
88.2016	211
88.569	232
88.9364	271
89.3024	288
89.6698	293
90.0357	289
90.4031	257
90.769	246
91.1363	208
91.5036	184
91.8695	198
92.2368	187
92.6026	176
92.9698	189
93.3356	177
93.7028	173
94.0685	191
94.4357	169
94.8014	173
95.1685	166
95.5342	190
95.9013	181
96.267	176
96.634	203
96.9996	226
97.3666	284
97.7322	285
98.0992	233
98.4647	180
98.8317	186
99.1972	171
99.5641	163
99.9296	180
100.296	173
100.662	188
101.027	169
101.394	176
101.76	178
102.126	185
102.492	179
102.858	169
103.224	178
103.589	176
103.956	185
104.321	176
104.688	189
105.053	183
105.418	177
105.785	189
106.15	173
106.515	183
106.882	183
107.247	176
107.613	191
107.978	160
108.343	196
108.71	183
109.075	186
109.44	192
109.806	183
110.171	190
110.536	189
110.903	167
111.268	179
111.633	172
111.999	162
112.364	167
112.729	153
113.093	144
113.46	153
113.825	150
114.189	146
114.555	147
114.92	157
115.285	152
115.65	142
116.016	151
116.381	149
116.745	140
117.11	159
117.476	155
117.841	162
118.205	157
118.57	143
118.936	141
119.3	149
119.665	142
120.029	151
120.394	153
120.76	147
121.124	145
121.489	148
121.853	151
122.217	150
122.583	151
122.948	149
123.312	157
123.676	149
124.041	155
124.406	144
124.771	144
125.135	155
125.499	151
125.863	157
126.228	148
126.592	144
126.957	141
127.322	154
127.686	149
128.05	155
128.414	146
128.778	151
129.142	159
129.506	150
129.87	158
130.236	153
130.6	154
130.964	149
131.328	151
131.692	159
132.056	154
132.419	142
132.783	166
133.147	149
133.511	165
133.875	166
134.239	169
134.603	151
134.966	157
135.33	166
135.694	164
136.058	160
136.421	145
136.785	161
137.149	151
137.514	152
137.878	157
138.241	147
138.603	148
138.967	142
139.331	147
139.694	149
140.058	155
140.421	150
140.785	151
141.148	138
141.512	147
141.875	171
142.239	154
142.602	149
142.966	132
143.329	149
143.692	150
144.056	157
144.419	146
144.782	151
145.146	146
145.509	159
145.871	137
146.234	148
146.597	146
146.961	151
147.324	148
147.687	145
148.05	145
148.413	150
148.777	156
149.138	157
149.501	154
149.864	152
150.228	150
150.591	151
150.954	157
151.317	146
151.678	150
152.041	144
152.404	141
152.767	156
153.13	158
153.492	154
153.854	154
154.217	170
154.58	172
154.943	170
155.304	179
155.667	193
156.03	204
156.393	184
156.756	192
157.117	185
157.48	186
157.842	165
158.205	159
158.566	165
158.929	159
159.292	153
159.654	159
160.015	143
160.378	164
160.741	167
161.103	152
161.464	158
161.827	157
162.189	153
162.55	161
162.913	165
163.275	158
163.638	155
163.999	149
164.361	158
164.724	158
165.085	170
165.447	180
165.809	173
166.17	170
166.532	150
166.895	156
167.256	152
167.618	162
167.979	169
168.341	164
168.703	161
169.064	182
169.426	175
169.788	167
170.149	174
170.511	182
170.872	167
171.234	192
171.596	182
171.956	186
172.318	196
172.679	185
173.041	183
173.401	204
173.763	185
174.125	195
174.486	197
174.848	196
175.208	214
175.57	200
175.931	218
176.292	211
176.653	218
177.015	239
177.375	230
177.737	235
178.098	258
178.459	244
178.821	251
179.181	266
179.542	262
179.903	267
180.264	266
180.625	273
180.985	311
181.346	325
181.707	302
182.068	332
182.428	351
182.79	375
183.15	370
183.511	384
183.871	381
184.233	369
184.593	365
184.953	395
185.314	390
185.674	400
186.036	372
186.396	382
186.757	381
187.117	352
187.477	361
187.838	362
188.198	332
188.559	326
188.919	303
189.279	295
189.64	296
190	280
190.359	268
190.721	263
191.08	264
191.44	242
191.801	252
192.161	247
192.52	235
192.882	223
193.241	224
193.601	206
193.962	222
194.321	211
194.681	220
195.042	202
195.401	188
195.761	203
196.122	195
196.481	189
196.841	186
197.2	190
197.561	194
197.92	172
198.28	178
198.639	186
199	184
199.359	160
199.718	166
200.078	184
200.438	190
200.798	183
201.157	173
201.516	166
201.877	165
202.236	181
202.595	161
202.954	165
203.313	165
203.674	162
204.033	162
204.392	163
204.751	163
205.11	178
205.471	175
205.83	166
206.189	171
206.548	173
206.907	167
207.266	180
207.626	171
207.985	169
208.344	160
208.703	166
209.062	176
209.42	171
209.779	164
210.138	182
210.498	183
210.857	170
211.216	185
211.575	177
211.933	171
212.292	162
212.651	166
213.01	171
213.368	172
213.727	187
214.085	187
214.444	168
214.804	188
215.163	168
215.521	194
215.88	174
216.238	176
216.597	171
216.955	176
217.314	170
217.672	177
218.031	177
218.389	181
218.748	196
219.106	198
219.464	192
219.823	193
220.181	190
220.539	197
220.898	194
221.256	198
221.614	195
221.973	190
222.331	195
222.689	197
223.047	205
223.405	220
223.762	215
224.12	225
224.479	205
224.837	213
225.195	235
225.553	222
225.911	234
226.269	227
226.627	249
226.985	243
227.343	230
227.701	268
228.058	253
228.416	260
228.773	284
229.131	292
229.489	277
229.847	294
230.205	305
230.563	300
230.919	295
231.277	321
231.635	326
231.993	328
232.351	350
232.708	355
233.065	328
233.422	352
233.78	369
234.138	381
234.495	393
234.852	376
235.209	401
235.567	420
235.925	419
236.282	441
236.638	415
236.996	401
237.353	402
237.711	426
238.067	422
238.425	402
238.782	419
239.139	435
239.495	411
239.853	415
240.21	402
240.568	405
240.924	379
241.281	370
241.638	361
241.996	383
242.352	363
242.709	352
243.066	364
243.422	347
243.779	329
244.136	338
244.492	324
244.849	297
245.207	337
245.562	300
245.919	292
246.277	286
246.632	284
246.989	284
247.346	283
247.702	278
248.059	281
248.416	263
248.772	281
249.129	271
249.484	273
249.841	255
250.198	280
250.554	268
250.911	243
251.266	262
251.623	261
251.98	268
252.335	237
252.692	251
253.047	242
253.404	282
253.76	255
254.116	249
254.473	246
254.828	237
255.185	260
255.54	252
255.897	267
256.252	237
256.609	242
256.964	239
257.321	233
257.676	240
258.032	231
258.388	211
258.744	238
259.099	220
259.456	239
259.811	217
260.167	238
260.522	207
260.879	223
261.234	225
261.59	215
261.945	220
262.301	216
262.656	210
263.011	191
263.368	188
263.723	222
264.079	204
264.434	195
264.79	214
265.145	212
265.5	207
265.856	187
266.211	204
266.567	194
266.921	183
267.276	198
267.632	185
267.987	198
268.342	210
268.698	206
269.052	203
269.408	193
269.763	190
270.118	187
270.474	186
270.828	203
271.183	189
271.539	182
271.893	189
272.248	189
272.604	167
272.958	182
273.312	188
273.667	191
274.023	191
274.377	190
274.731	190
275.087	183
275.442	185
275.796	188
276.15	194
276.506	203
276.86	190
277.214	190
277.569	184
277.924	186
278.279	192
278.633	205
278.987	195
279.342	192
279.697	180
280.051	192
280.405	189
280.759	183
281.114	193
281.469	206
281.823	200
282.177	198
282.531	209
282.886	198
283.24	217
283.594	200
283.948	211
284.302	223
284.656	215
285.011	222
285.365	248
285.719	227
286.073	225
286.427	245
286.78	252
287.134	251
287.489	263
287.843	286
288.197	269
288.551	309
288.904	281
289.258	274
289.612	302
289.965	299
290.319	311
290.673	311
291.026	335
291.381	328
291.735	326
292.088	376
292.442	362
292.795	350
293.149	366
293.503	403
293.856	416
294.209	414
294.563	415
294.916	418
295.27	429
295.623	435
295.977	462
296.33	483
296.683	473
297.037	468
297.39	506
297.743	471
298.097	523
298.45	544
298.803	541
299.156	572
299.51	630
299.863	597
300.216	669
300.569	674
300.922	679
301.275	716
301.627	750
301.98	798
302.333	857
302.686	943
303.039	985
303.392	1044
303.746	1074
304.099	1111
304.452	1264
304.804	1346
305.156	1451
305.509	1546
305.862	1705
306.215	1851
306.568	1961
306.921	2137
307.273	2291
307.626	2602
307.978	2820
308.331	2984
308.683	3246
309.036	3502
309.389	3640
309.742	3852
310.093	3915
310.446	3940
310.798	3955
311.151	3746
311.504	3682
311.855	3453
312.208	3204
312.56	3030
312.913	2750
313.265	2571
313.617	2371
313.969	2232
314.322	2113
314.674	1943
315.025	1863
315.378	1715
315.73	1630
316.083	1537
316.434	1495
316.786	1333
317.138	1326
317.489	1233
317.842	1173
318.194	1131
318.547	997
318.897	1006
319.25	906
319.602	872
319.953	836
320.305	773
320.657	734
321.008	727
321.36	678
321.713	630
322.063	626
322.416	589
322.768	581
323.118	531
323.471	526
323.823	491
324.173	486
324.525	479
324.876	475
325.228	458
325.58	421
325.931	433
326.283	438
326.633	390
326.985	399
327.337	355
327.688	391
328.039	353
328.39	355
328.742	333
329.094	350
329.444	339
329.796	314
330.146	314
330.498	311
330.848	322
331.2	298
331.551	319
331.902	287
332.253	281
332.604	289
332.954	270
333.306	304
333.656	265
334.008	294
334.358	262
334.71	263
335.06	263
335.411	268
335.762	266
336.113	264
