39.5698	157
39.941	158
40.3108	146
40.6805	163
41.0503	149
41.42	143
41.7897	158
42.1593	133
42.529	162
42.9001	136
43.2697	152
43.6393	132
44.0089	146
44.3784	136
44.748	135
45.1175	144
45.487	141
45.8565	149
46.226	146
46.5955	167
46.9649	157
47.3343	172
47.7052	148
48.0746	179
48.4439	173
48.8133	146
49.1826	175
49.5519	174
49.9212	190
50.2905	197
50.6598	197
51.029	241
51.3982	264
51.7675	309
52.1366	368
52.5058	566
52.875	821
53.2441	1021
53.6132	983
53.9823	710
54.3514	567
54.7205	677
55.0895	988
55.4586	864
55.8276	525
56.1966	327
56.5641	258
56.9331	230
57.302	238
57.671	218
58.0399	247
58.4088	320
58.7776	492
59.1465	661
59.5153	736
59.8841	640
60.2529	454
60.6217	354
60.9905	360
61.3578	392
61.7265	499
62.0953	664
62.464	815
62.8326	906
63.2013	858
63.5699	766
63.9386	657
64.3057	575
64.6743	647
65.0429	623
65.4114	484
65.78	386
66.1485	287
66.517	249
66.884	221
67.2525	189
67.621	177
67.9894	172
68.3578	162
68.7248	160
69.0931	149
69.4615	154
69.8299	153
70.1982	148
70.565	161
70.9333	165
71.3016	173
71.6699	170
72.0381	190
72.4049	227
72.7731	265
73.1413	348
73.5094	370
73.8762	371
74.2443	314
74.6124	269
74.9805	221
75.3471	178
75.7152	172
76.0832	148
76.4513	157
76.8178	134
77.1858	137
77.5538	133
77.9203	143
78.2883	143
78.6562	124
79.0241	136
79.3905	127
79.7584	123
80.1262	119
80.4926	132
80.8605	132
81.2282	130
81.5946	122
81.9624	120
82.3301	122
82.6964	134
83.0641	117
83.4318	123
83.798	130
84.1657	137
84.5319	132
84.8995	134
85.2671	132
85.6333	138
86.0008	142
86.3684	129
86.7345	128
87.102	134
87.468	137
87.8355	136
88.2016	147
88.569	146
88.9364	160
89.3024	187
89.6698	182
90.0357	196
90.4031	188
90.769	161
91.1363	145
91.5036	132
91.8695	138
92.2368	128
92.6026	123
92.9698	132
93.3356	124
93.7028	136
94.0685	133
94.4357	132
94.8014	138
95.1685	125
95.5342	130
95.9013	130
96.267	125
96.634	123
96.9996	144
97.3666	153
97.7322	164
98.0992	133
98.4647	126
98.8317	117
99.1972	123
99.5641	128
99.9296	129
100.296	121
100.662	126
101.027	126
101.394	129
101.76	116
102.126	128
102.492	123
102.858	134
103.224	128
103.589	127
103.956	123
104.321	128
104.688	123
105.053	120
105.418	124
105.785	126
106.15	126
106.515	119
106.882	129
107.247	123
107.613	129
107.978	125
108.343	129
108.71	126
109.075	135
109.44	132
109.806	128
110.171	134
110.536	142
110.903	126
111.268	125
111.633	126
111.999	125
112.364	121
112.729	134
113.093	137
113.46	122
113.825	126
114.189	124
114.555	126
114.92	124
115.285	115
115.65	120
116.016	117
116.381	113
116.745	129
117.11	121
117.476	119
117.841	113
118.205	138
118.57	126
118.936	121
119.3	128
119.665	124
120.029	119
120.394	114
120.76	122
121.124	129
121.489	120
121.853	130
122.217	116
122.583	118
122.948	118
123.312	109
123.676	124
124.041	125
124.406	116
124.771	114
125.135	122
125.499	114
125.863	126
126.228	117
126.592	123
126.957	121
127.322	113
127.686	124
128.05	120
128.414	115
128.778	114
129.142	111
129.506	115
129.87	115
130.236	115
130.6	122
130.964	122
131.328	123
131.692	118
132.056	111
132.419	119
132.783	122
133.147	122
133.511	110
133.875	119
134.239	120
134.603	125
134.966	123
135.33	126
135.694	131
136.058	132
136.421	128
136.785	120
137.149	114
137.514	116
137.878	125
138.241	131
138.603	123
138.967	113
139.331	117
139.694	126
140.058	125
140.421	124
140.785	117
141.148	123
141.512	108
141.875	119
142.239	119
142.602	120
142.966	126
143.329	112
143.692	128
144.056	118
144.419	122
144.782	126
145.146	112
145.509	121
145.871	122
146.234	128
146.597	132
146.961	123
147.324	116
147.687	120
148.05	120
148.413	127
148.777	136
149.138	127
149.501	125
149.864	128
150.228	127
150.591	129
150.954	123
151.317	136
151.678	122
152.041	135
152.404	127
152.767	135
153.13	148
153.492	150
153.854	152
154.217	157
154.58	155
154.943	174
155.304	181
155.667	196
156.03	223
156.393	224
156.756	224
157.117	193
157.48	205
157.842	169
158.205	177
158.566	155
158.929	140
159.292	130
159.654	142
160.015	126
160.378	132
160.741	139
161.103	135
161.464	120
161.827	122
162.189	135
162.55	129
162.913	123
163.275	132
163.638	116
163.999	133
164.361	131
164.724	124
165.085	120
165.447	127
165.809	120
166.17	128
166.532	130
166.895	128
167.256	129
167.618	119
167.979	134
168.341	127
168.703	125
169.064	123
169.426	125
169.788	131
170.149	113
170.511	129
170.872	120
171.234	118
171.596	127
171.956	122
172.318	126
172.679	121
173.041	123
173.401	129
173.763	125
174.125	132
174.486	141
174.848	139
175.208	126
175.57	139
175.931	129
176.292	125
176.653	132
177.015	132
177.375	136
177.737	131
178.098	138
178.459	125
178.821	135
179.181	124
179.542	135
179.903	133
180.264	142
180.625	140
180.985	148
181.346	146
181.707	150
182.068	148
182.428	137
182.79	158
183.15	158
183.511	153
183.871	164
184.233	154
184.593	154
184.953	170
185.314	157
185.674	160
186.036	145
186.396	151
186.757	164
187.117	167
187.477	169
187.838	173
188.198	162
188.559	151
188.919	161
189.279	168
189.64	153
190	160
190.359	150
190.721	141
191.08	142
191.44	144
191.801	162
192.161	152
192.52	136
192.882	157
193.241	152
193.601	147
193.962	142
194.321	144
194.681	142
195.042	151
195.401	147
195.761	152
196.122	137
196.481	157
196.841	145
197.2	153
197.561	148
197.92	143
198.28	140
198.639	133
199	145
199.359	151
199.718	145
200.078	141
200.438	147
200.798	139
201.157	159
201.516	151
201.877	136
202.236	134
202.595	152
202.954	146
203.313	146
203.674	142
204.033	138
204.392	148
204.751	156
205.11	148
205.471	154
205.83	134
206.189	145
206.548	159
206.907	152
207.266	161
207.626	164
207.985	161
208.344	162
208.703	164
209.062	174
209.42	177
209.779	170
210.138	181
210.498	187
210.857	183
211.216	188
211.575	187
211.933	168
212.292	171
212.651	163
213.01	174
213.368	180
213.727	158
214.085	163
214.444	168
214.804	159
215.163	170
215.521	149
215.88	149
216.238	143
216.597	135
216.955	149
217.314	144
217.672	141
218.031	136
218.389	131
218.748	127
219.106	137
219.464	120
219.823	124
220.181	123
220.539	127
220.898	126
221.256	140
221.614	139
221.973	137
222.331	139
222.689	120
223.047	132
223.405	133
223.762	142
224.12	130
224.479	143
224.837	140
225.195	136
225.553	140
225.911	147
226.269	141
226.627	130
226.985	133
227.343	146
227.701	141
228.058	138
228.416	136
228.773	136
229.131	142
229.489	146
229.847	130
230.205	144
230.563	138
230.919	135
231.277	141
231.635	141
231.993	139
232.351	144
232.708	140
233.065	135
233.422	150
233.78	136
234.138	152
234.495	141
234.852	151
235.209	157
235.567	152
235.925	152
236.282	155
236.638	142
236.996	162
237.353	139
237.711	147
238.067	161
238.425	150
238.782	146
239.139	157
239.495	155
239.853	151
240.21	142
240.568	164
240.924	153
241.281	147
241.638	155
241.996	148
242.352	139
242.709	150
243.066	164
243.422	154
243.779	155
244.136	148
244.492	137
244.849	157
245.207	158
245.562	157
245.919	161
246.277	157
246.632	148
246.989	163
247.346	159
247.702	165
248.059	152
248.416	168
248.772	168
249.129	172
249.484	173
249.841	156
250.198	169
250.554	162
250.911	173
251.266	183
251.623	182
251.98	190
252.335	198
252.692	197
253.047	192
253.404	174
253.76	187
254.116	209
254.473	191
254.828	214
255.185	204
255.54	201
255.897	199
256.252	204
256.609	186
256.964	210
257.321	207
257.676	201
258.032	201
258.388	178
258.744	188
259.099	195
259.456	186
259.811	181
260.167	186
260.522	192
260.879	173
261.234	189
261.59	177
261.945	176
262.301	159
262.656	164
263.011	159
263.368	164
263.723	164
264.079	169
264.434	156
264.79	167
265.145	148
265.5	153
265.856	161
266.211	152
266.567	163
266.921	155
267.276	149
267.632	158
267.987	152
268.342	152
268.698	153
269.052	142
269.408	142
269.763	156
270.118	145
270.474	145
270.828	157
271.183	139
271.539	150
271.893	145
272.248	142
272.604	133
272.958	147
273.312	146
273.667	142
274.023	151
274.377	136
274.731	141
275.087	132
275.442	139
275.796	141
276.15	147
276.506	141
276.86	135
277.214	131
277.569	134
277.924	129
278.279	140
278.633	143
278.987	127
279.342	132
279.697	138
280.051	122
280.405	140
280.759	134
281.114	144
281.469	133
281.823	154
282.177	137
282.531	148
282.886	141
283.24	141
283.594	135
283.948	148
284.302	151
284.656	143
285.011	134
285.365	138
285.719	150
286.073	148
286.427	149
286.78	135
287.134	147
287.489	140
287.843	159
288.197	146
288.551	146
288.904	155
289.258	144
289.612	148
289.965	145
290.319	154
290.673	157
291.026	149
291.381	153
291.735	155
292.088	157
292.442	157
292.795	164
293.149	158
293.503	155
293.856	152
294.209	145
294.563	165
294.916	154
295.27	172
295.623	168
295.977	164
296.33	176
296.683	172
297.037	176
297.39	159
297.743	183
298.097	167
298.45	169
298.803	174
299.156	176
299.51	185
299.863	175
300.216	185
300.569	185
300.922	202
301.275	196
301.627	217
301.98	216
302.333	213
302.686	193
303.039	239
303.392	226
303.746	249
304.099	252
304.452	266
304.804	274
305.156	297
305.509	286
305.862	326
306.215	330
306.568	366
306.921	400
307.273	395
307.626	422
307.978	478
308.331	516
308.683	588
309.036	599
309.389	644
309.742	708
310.093	659
310.446	776
310.798	732
311.151	735
311.504	719
311.855	697
312.208	620
312.56	610
312.913	570
313.265	549
313.617	495
313.969	452
314.322	453
314.674	395
315.025	412
315.378	355
315.73	356
316.083	344
316.434	335
316.786	296
317.138	313
317.489	274
317.842	272
318.194	282
318.547	248
318.897	215
319.25	249
319.602	210
319.953	235
320.305	226
320.657	213
321.008	201
321.36	203
321.713	204
322.063	209
322.416	190
322.768	202
323.118	201
323.471	172
323.823	177
324.173	173
324.525	171
324.876	174
325.228	186
325.58	155
325.931	178
326.283	155
326.633	165
326.985	176
327.337	163
327.688	158
328.039	164
328.39	170
328.742	158
329.094	157
329.444	156
329.796	156
330.146	163
330.498	159
330.848	168
331.2	153
331.551	144
331.902	158
332.253	149
332.604	149
332.954	156
333.306	142
333.656	148
334.008	151
334.358	149
334.71	138
335.06	151
335.411	146
335.762	148
336.113	145
