39.5698	147.5
39.941	137.5
40.3108	129.5
40.6805	137.5
41.0503	139.5
41.42	140.5
41.7897	129.5
42.1593	140.5
42.529	120.5
42.9001	129.5
43.2697	135.5
43.6393	127.5
44.0089	130.5
44.3784	131.5
44.748	128.5
45.1175	127.5
45.487	133.5
45.8565	131.5
46.226	140.5
46.5955	136.5
46.9649	147.5
47.3343	140.5
47.7052	145.5
48.0746	150.5
48.4439	153.5
48.8133	141.5
49.1826	143.5
49.5519	147.5
49.9212	159.5
50.2905	158.5
50.6598	182.5
51.029	187.5
51.3982	231.5
51.7675	286.5
52.1366	348.5
52.5058	532.5
52.875	784.5
53.2441	996.5
53.6132	932.5
53.9823	714.5
54.3514	558.5
54.7205	652.5
55.0895	865.5
55.4586	812.5
55.8276	489.5
56.1966	297.5
56.5641	233.5
56.9331	199.5
57.302	183.5
57.671	189.5
58.0399	196.5
58.4088	254.5
58.7776	362.5
59.1465	543.5
59.5153	566.5
59.8841	480.5
60.2529	336.5
60.6217	292.5
60.9905	254.5
61.3578	280.5
61.7265	314.5
62.0953	364.5
62.464	447.5
62.8326	510.5
63.2013	519.5
63.5699	457.5
63.9386	397.5
64.3057	408.5
64.6743	440.5
65.0429	435.5
65.4114	345.5
65.78	315.5
66.1485	243.5
66.517	195.5
66.884	157.5
67.2525	157.5
67.621	151.5
67.9894	147.5
68.3578	137.5
68.7248	139.5
69.0931	129.5
69.4615	126.5
69.8299	126.5
70.1982	133.5
70.565	137.5
70.9333	124.5
71.3016	135.5
71.6699	139.5
72.0381	148.5
72.4049	163.5
72.7731	189.5
73.1413	219.5
73.5094	233.5
73.8762	239.5
74.2443	203.5
74.6124	190.5
74.9805	156.5
75.3471	149.5
75.7152	131.5
76.0832	124.5
76.4513	118.5
76.8178	115.5
77.1858	123.5
77.5538	116.5
77.9203	115.5
78.2883	127.5
78.6562	122.5
79.0241	121.5
79.3905	115.5
79.7584	109.5
80.1262	112.5
80.4926	113.5
80.8605	116.5
81.2282	115.5
81.5946	109.5
81.9624	107.5
82.3301	124.5
82.6964	97.5
83.0641	119.5
83.4318	110.5
83.798	131.5
84.1657	108.5
84.5319	107.5
84.8995	126.5
85.2671	129.5
85.6333	120.5
86.0008	122.5
86.3684	110.5
86.7345	117.5
87.102	115.5
87.468	122.5
87.8355	123.5
88.2016	123.5
88.569	125.5
88.9364	144.5
89.3024	147.5
89.6698	165.5
90.0357	171.5
90.4031	138.5
90.769	140.5
91.1363	135.5
91.5036	121.5
91.8695	128.5
92.2368	109.5
92.6026	115.5
92.9698	102.5
93.3356	113.5
93.7028	115.5
94.0685	111.5
94.4357	124.5
94.8014	133.5
95.1685	122.5
95.5342	119.5
95.9013	116.5
96.267	117.5
96.634	113.5
96.9996	126.5
97.3666	150.5
97.7322	157.5
98.0992	127.5
98.4647	108.5
98.8317	121.5
99.1972	108.5
99.5641	105.5
99.9296	111.5
100.296	118.5
100.662	117.5
101.027	107.5
101.394	111.5
101.76	113.5
102.126	114.5
102.492	113.5
102.858	109.5
103.224	116.5
103.589	111.5
103.956	114.5
104.321	114.5
104.688	115.5
105.053	121.5
105.418	114.5
105.785	114.5
106.15	115.5
106.515	115.5
106.882	108.5
107.247	112.5
107.613	106.5
107.978	111.5
108.343	113.5
108.71	118.5
109.075	116.5
109.44	115.5
109.806	118.5
110.171	124.5
110.536	113.5
110.903	119.5
111.268	115.5
111.633	108.5
111.999	116.5
112.364	112.5
112.729	118.5
113.093	112.5
113.46	112.5
113.825	111.5
114.189	104.5
114.555	114.5
114.92	106.5
115.285	112.5
115.65	103.5
116.016	104.5
116.381	106.5
116.745	108.5
117.11	112.5
117.476	98.5
117.841	113.5
118.205	106.5
118.57	113.5
118.936	112.5
119.3	109.5
119.665	111.5
120.029	112.5
120.394	120.5
120.76	102.5
121.124	110.5
121.489	107.5
121.853	110.5
122.217	102.5
122.583	109.5
122.948	116.5
123.312	111.5
123.676	109.5
124.041	109.5
124.406	113.5
124.771	102.5
125.135	102.5
125.499	111.5
125.863	115.5
126.228	98.5
126.592	106.5
126.957	102.5
127.322	110.5
127.686	107.5
128.05	103.5
128.414	113.5
128.778	96.5
129.142	110.5
129.506	115.5
129.87	113.5
130.236	108.5
130.6	113.5
130.964	107.5
131.328	100.5
131.692	110.5
132.056	116.5
132.419	112.5
132.783	116.5
133.147	103.5
133.511	107.5
133.875	116.5
134.239	108.5
134.603	108.5
134.966	115.5
135.33	106.5
135.694	107.5
136.058	116.5
136.421	105.5
136.785	115.5
137.149	117.5
137.514	119.5
137.878	113.5
138.241	106.5
138.603	124.5
138.967	107.5
139.331	108.5
139.694	108.5
140.058	121.5
140.421	113.5
140.785	115.5
141.148	113.5
141.512	111.5
141.875	105.5
142.239	111.5
142.602	106.5
142.966	117.5
143.329	112.5
143.692	108.5
144.056	112.5
144.419	107.5
144.782	119.5
145.146	110.5
145.509	109.5
145.871	114.5
146.234	115.5
146.597	109.5
146.961	118.5
147.324	118.5
147.687	106.5
148.05	108.5
148.413	111.5
148.777	115.5
149.138	118.5
149.501	113.5
149.864	117.5
150.228	128.5
150.591	120.5
150.954	120.5
151.317	118.5
151.678	106.5
152.041	112.5
152.404	120.5
152.767	132.5
153.13	128.5
153.492	129.5
153.854	132.5
154.217	142.5
154.58	165.5
154.943	164.5
155.304	182.5
155.667	201.5
156.03	239.5
156.393	225.5
156.756	245.5
157.117	223.5
157.48	196.5
157.842	187.5
158.205	162.5
158.566	155.5
158.929	128.5
159.292	141.5
159.654	133.5
160.015	109.5
160.378	116.5
160.741	118.5
161.103	112.5
161.464	128.5
161.827	113.5
162.189	115.5
162.55	124.5
162.913	108.5
163.275	108.5
163.638	116.5
163.999	115.5
164.361	117.5
164.724	112.5
165.085	113.5
165.447	126.5
165.809	115.5
166.17	117.5
166.532	108.5
166.895	118.5
167.256	113.5
167.618	100.5
167.979	110.5
168.341	119.5
168.703	117.5
169.064	110.5
169.426	112.5
169.788	117.5
170.149	109.5
170.511	112.5
170.872	114.5
171.234	111.5
171.596	124.5
171.956	112.5
172.318	120.5
172.679	124.5
173.041	114.5
173.401	117.5
173.763	119.5
174.125	113.5
174.486	115.5
174.848	115.5
175.208	124.5
175.57	107.5
175.931	111.5
176.292	112.5
176.653	109.5
177.015	116.5
177.375	122.5
177.737	106.5
178.098	125.5
178.459	111.5
178.821	121.5
179.181	114.5
179.542	131.5
179.903	118.5
180.264	123.5
180.625	127.5
180.985	122.5
181.346	132.5
181.707	129.5
182.068	122.5
182.428	126.5
182.79	136.5
183.15	133.5
183.511	131.5
183.871	129.5
184.233	133.5
184.593	147.5
184.953	134.5
185.314	142.5
185.674	139.5
186.036	145.5
186.396	159.5
186.757	141.5
187.117	133.5
187.477	157.5
187.838	131.5
188.198	133.5
188.559	129.5
188.919	141.5
189.279	134.5
189.64	132.5
190	138.5
190.359	131.5
190.721	137.5
191.08	138.5
191.44	134.5
191.801	130.5
192.161	146.5
192.52	130.5
192.882	131.5
193.241	143.5
193.601	141.5
193.962	132.5
194.321	140.5
194.681	136.5
195.042	121.5
195.401	139.5
195.761	123.5
196.122	126.5
196.481	134.5
196.841	126.5
197.2	137.5
197.561	137.5
197.92	125.5
198.28	121.5
198.639	126.5
199	136.5
199.359	123.5
199.718	122.5
200.078	128.5
200.438	128.5
200.798	121.5
201.157	130.5
201.516	137.5
201.877	130.5
202.236	131.5
202.595	130.5
202.954	127.5
203.313	129.5
203.674	143.5
204.033	136.5
204.392	132.5
204.751	143.5
205.11	130.5
205.471	128.5
205.83	133.5
206.189	127.5
206.548	129.5
206.907	138.5
207.266	141.5
207.626	141.5
207.985	150.5
208.344	155.5
208.703	153.5
209.062	162.5
209.42	161.5
209.779	150.5
210.138	165.5
210.498	160.5
210.857	176.5
211.216	159.5
211.575	172.5
211.933	167.5
212.292	158.5
212.651	159.5
213.01	152.5
213.368	147.5
213.727	146.5
214.085	151.5
214.444	144.5
214.804	145.5
215.163	128.5
215.521	151.5
215.88	129.5
216.238	139.5
216.597	133.5
216.955	135.5
217.314	124.5
217.672	126.5
218.031	133.5
218.389	127.5
218.748	130.5
219.106	118.5
219.464	130.5
219.823	115.5
220.181	129.5
220.539	124.5
220.898	124.5
221.256	124.5
221.614	128.5
221.973	125.5
222.331	116.5
222.689	122.5
223.047	110.5
223.405	128.5
223.762	128.5
224.12	124.5
224.479	122.5
224.837	128.5
225.195	109.5
225.553	135.5
225.911	135.5
226.269	128.5
226.627	124.5
226.985	134.5
227.343	121.5
227.701	133.5
228.058	122.5
228.416	133.5
228.773	136.5
229.131	134.5
229.489	138.5
229.847	137.5
230.205	136.5
230.563	141.5
230.919	133.5
231.277	135.5
231.635	136.5
231.993	154.5
232.351	148.5
232.708	-153.5
233.065	138.5
233.422	137.5
233.78	138.5
234.138	134.5
234.495	159.5
234.852	151.5
235.209	149.5
235.567	152.5
235.925	156.5
236.282	151.5
236.638	135.5
236.996	160.5
237.353	147.5
237.711	154.5
238.067	154.5
238.425	158.5
238.782	150.5
239.139	136.5
239.495	160.5
239.853	138.5
240.21	140.5
240.568	140.5
240.924	136.5
241.281	148.5
241.638	146.5
241.996	158.5
242.352	135.5
242.709	147.5
243.066	146.5
243.422	153.5
243.779	152.5
244.136	139.5
244.492	157.5
244.849	151.5
245.207	155.5
245.562	135.5
245.919	155.5
246.277	152.5
246.632	154.5
246.989	153.5
247.346	148.5
247.702	162.5
248.059	161.5
248.416	154.5
248.772	150.5
249.129	158.5
249.484	158.5
249.841	152.5
250.198	176.5
250.554	156.5
250.911	182.5
251.266	168.5
251.623	160.5
251.98	160.5
252.335	177.5
252.692	155.5
253.047	177.5
253.404	167.5
253.76	163.5
254.116	175.5
254.473	185.5
254.828	175.5
255.185	189.5
255.54	191.5
255.897	181.5
256.252	183.5
256.609	180.5
256.964	176.5
257.321	170.5
257.676	163.5
258.032	178.5
258.388	181.5
258.744	166.5
259.099	175.5
259.456	168.5
259.811	172.5
260.167	156.5
260.522	174.5
260.879	177.5
261.234	168.5
261.59	154.5
261.945	151.5
262.301	162.5
262.656	176.5
263.011	150.5
263.368	159.5
263.723	144.5
264.079	158.5
264.434	143.5
264.79	148.5
265.145	152.5
265.5	159.5
265.856	142.5
266.211	144.5
266.567	140.5
266.921	150.5
267.276	146.5
267.632	155.5
267.987	137.5
268.342	157.5
268.698	136.5
269.052	139.5
269.408	127.5
269.763	139.5
270.118	138.5
270.474	127.5
270.828	122.5
271.183	127.5
271.539	140.5
271.893	126.5
272.248	133.5
272.604	137.5
272.958	131.5
273.312	135.5
273.667	127.5
274.023	127.5
274.377	125.5
274.731	126.5
275.087	130.5
275.442	128.5
275.796	130.5
276.15	132.5
276.506	138.5
276.86	114.5
277.214	136.5
277.569	118.5
277.924	119.5
278.279	122.5
278.633	124.5
278.987	133.5
279.342	130.5
279.697	120.5
280.051	116.5
280.405	126.5
280.759	119.5
281.114	129.5
281.469	124.5
281.823	124.5
282.177	124.5
282.531	120.5
282.886	124.5
283.24	121.5
283.594	122.5
283.948	130.5
284.302	119.5
284.656	116.5
285.011	129.5
285.365	129.5
285.719	128.5
286.073	134.5
286.427	132.5
286.78	123.5
287.134	135.5
287.489	126.5
287.843	123.5
288.197	120.5
288.551	124.5
288.904	147.5
289.258	133.5
289.612	126.5
289.965	127.5
290.319	136.5
290.673	151.5
291.026	123.5
291.381	131.5
291.735	142.5
292.088	128.5
292.442	140.5
292.795	135.5
293.149	130.5
293.503	134.5
293.856	130.5
294.209	143.5
294.563	143.5
294.916	141.5
295.27	133.5
295.623	141.5
295.977	139.5
296.33	142.5
296.683	128.5
297.037	145.5
297.39	146.5
297.743	146.5
298.097	126.5
298.45	148.5
298.803	136.5
299.156	144.5
299.51	150.5
299.863	137.5
300.216	152.5
300.569	150.5
300.922	145.5
301.275	155.5
301.627	145.5
301.98	144.5
302.333	166.5
302.686	158.5
303.039	162.5
303.392	169.5
303.746	162.5
304.099	181.5
304.452	180.5
304.804	198.5
305.156	182.5
305.509	203.5
305.862	203.5
306.215	207.5
306.568	218.5
306.921	228.5
307.273	236.5
307.626	267.5
307.978	258.5
308.331	306.5
308.683	322.5
309.036	357.5
309.389	352.5
309.742	398.5
310.093	406.5
310.446	415.5
310.798	400.5
311.151	390.5
311.504	385.5
311.855	385.5
312.208	375.5
312.56	348.5
312.913	348.5
313.265	317.5
313.617	309.5
313.969	298.5
314.322	274.5
314.674	266.5
315.025	254.5
315.378	259.5
315.73	226.5
316.083	224.5
316.434	244.5
316.786	216.5
317.138	220.5
317.489	218.5
317.842	207.5
318.194	201.5
318.547	183.5
318.897	187.5
319.25	198.5
319.602	187.5
319.953	178.5
320.305	171.5
320.657	173.5
321.008	173.5
321.36	157.5
321.713	159.5
322.063	161.5
322.416	159.5
322.768	166.5
323.118	149.5
323.471	148.5
323.823	135.5
324.173	149.5
324.525	136.5
324.876	154.5
325.228	139.5
325.58	141.5
325.931	134.5
326.283	146.5
326.633	133.5
326.985	141.5
327.337	139.5
327.688	143.5
328.039	132.5
328.39	134.5
328.742	149.5
329.094	138.5
329.444	127.5
329.796	127.5
330.146	130.5
330.498	130.5
330.848	132.5
331.2	121.5
331.551	124.5
331.902	117.5
332.253	125.5
332.604	118.5
332.954	125.5
333.306	139.5
333.656	119.5
334.008	129.5
334.358	119.5
334.71	123.5
335.06	115.5
335.411	115.5
335.762	125.5
336.113	122.5
