39.5698	193.5
39.941	199.5
40.3108	198.5
40.6805	185.5
41.0503	175.5
41.42	183.5
41.7897	175.5
42.1593	174.5
42.529	190.5
42.9001	169.5
43.2697	218.5
43.6393	205.5
44.0089	187.5
44.3784	181.5
44.748	187.5
45.1175	190.5
45.487	195.5
45.8565	199.5
46.226	185.5
46.5955	197.5
46.9649	206.5
47.3343	193.5
47.7052	186.5
48.0746	216.5
48.4439	221.5
48.8133	208.5
49.1826	204.5
49.5519	197.5
49.9212	203.5
50.2905	195.5
50.6598	212.5
51.029	224.5
51.3982	233.5
51.7675	260.5
52.1366	281.5
52.5058	324.5
52.875	355.5
53.2441	438.5
53.6132	381.5
53.9823	374.5
54.3514	350.5
54.7205	419.5
55.0895	454.5
55.4586	426.5
55.8276	365.5
56.1966	347.5
56.5641	367.5
56.9331	394.5
57.302	387.5
57.671	450.5
58.0399	511.5
58.4088	684.5
58.7776	1042.5
59.1465	1477.5
59.5153	1580.5
59.8841	1382.5
60.2529	1247.5
60.6217	1219.5
60.9905	1379.5
61.3578	1776.5
61.7265	2324.5
62.0953	2948.5
62.464	3331.5
62.8326	3324.5
63.2013	2933.5
63.5699	2245.5
63.9386	1904.5
64.3057	1612.5
64.6743	1527.5
65.0429	1279.5
65.4114	1088.5
65.78	803.5
66.1485	606.5
66.517	473.5
66.884	437.5
67.2525	353.5
67.621	339.5
67.9894	290.5
68.3578	280.5
68.7248	275.5
69.0931	249.5
69.4615	259.5
69.8299	260.5
70.1982	260.5
70.565	260.5
70.9333	258.5
71.3016	288.5
71.6699	331.5
72.0381	392.5
72.4049	477.5
72.7731	615.5
73.1413	738.5
73.5094	769.5
73.8762	675.5
74.2443	580.5
74.6124	424.5
74.9805	319.5
75.3471	267.5
75.7152	232.5
76.0832	221.5
76.4513	197.5
76.8178	177.5
77.1858	170.5
77.5538	192.5
77.9203	184.5
78.2883	173.5
78.6562	173.5
79.0241	179.5
79.3905	164.5
79.7584	167.5
80.1262	162.5
80.4926	175.5
80.8605	149.5
81.2282	154.5
81.5946	156.5
81.9624	166.5
82.3301	164.5
82.6964	146.5
83.0641	148.5
83.4318	163.5
83.798	162.5
84.1657	167.5
84.5319	159.5
84.8995	147.5
85.2671	162.5
85.6333	152.5
86.0008	174.5
86.3684	168.5
86.7345	166.5
87.102	174.5
87.468	178.5
87.8355	193.5
88.2016	210.5
88.569	230.5
88.9364	266.5
89.3024	282.5
89.6698	289.5
90.0357	266.5
90.4031	253.5
90.769	208.5
91.1363	196.5
91.5036	187.5
91.8695	174.5
92.2368	184.5
92.6026	166.5
92.9698	168.5
93.3356	175.5
93.7028	151.5
94.0685	162.5
94.4357	159.5
94.8014	168.5
95.1685	163.5
95.5342	161.5
95.9013	162.5
96.267	159.5
96.634	180.5
96.9996	219.5
97.3666	278.5
97.7322	255.5
98.0992	215.5
98.4647	174.5
98.8317	165.5
99.1972	150.5
99.5641	167.5
99.9296	166.5
100.296	144.5
100.662	167.5
101.027	166.5
101.394	167.5
101.76	154.5
102.126	170.5
102.492	158.5
102.858	165.5
103.224	163.5
103.589	150.5
103.956	160.5
104.321	159.5
104.688	175.5
105.053	164.5
105.418	172.5
105.785	168.5
106.15	158.5
106.515	182.5
106.882	159.5
107.247	169.5
107.613	165.5
107.978	179.5
108.343	164.5
108.71	175.5
109.075	158.5
109.44	172.5
109.806	172.5
110.171	185.5
110.536	159.5
110.903	160.5
111.268	158.5
111.633	158.5
111.999	165.5
112.364	160.5
112.729	155.5
113.093	161.5
113.46	143.5
113.825	147.5
114.189	147.5
114.555	134.5
114.92	134.5
115.285	141.5
115.65	146.5
116.016	151.5
116.381	144.5
116.745	144.5
117.11	137.5
117.476	141.5
117.841	134.5
118.205	151.5
118.57	148.5
118.936	139.5
119.3	132.5
119.665	143.5
120.029	142.5
120.394	145.5
120.76	145.5
121.124	145.5
121.489	144.5
121.853	140.5
122.217	136.5
122.583	141.5
122.948	134.5
123.312	141.5
123.676	146.5
124.041	132.5
124.406	141.5
124.771	140.5
125.135	141.5
125.499	139.5
125.863	142.5
126.228	143.5
126.592	138.5
126.957	141.5
127.322	137.5
127.686	141.5
128.05	130.5
128.414	142.5
128.778	141.5
129.142	151.5
129.506	148.5
129.87	145.5
130.236	140.5
130.6	147.5
130.964	140.5
131.328	142.5
131.692	159.5
132.056	148.5
132.419	144.5
132.783	124.5
133.147	145.5
133.511	153.5
133.875	149.5
134.239	143.5
134.603	140.5
134.966	146.5
135.33	150.5
135.694	135.5
136.058	147.5
136.421	151.5
136.785	145.5
137.149	145.5
137.514	143.5
137.878	143.5
138.241	150.5
138.603	152.5
138.967	130.5
139.331	154.5
139.694	143.5
140.058	139.5
140.421	145.5
140.785	133.5
141.148	143.5
141.512	132.5
141.875	138.5
142.239	142.5
142.602	139.5
142.966	142.5
143.329	143.5
143.692	140.5
144.056	146.5
144.419	154.5
144.782	146.5
145.146	135.5
145.509	142.5
145.871	135.5
146.234	137.5
146.597	134.5
146.961	117.5
147.324	146.5
147.687	146.5
148.05	128.5
148.413	135.5
148.777	134.5
149.138	151.5
149.501	147.5
149.864	143.5
150.228	135.5
150.591	134.5
150.954	148.5
151.317	132.5
151.678	135.5
152.041	140.5
152.404	145.5
152.767	124.5
153.13	153.5
153.492	163.5
153.854	161.5
154.217	176.5
154.58	146.5
154.943	171.5
155.304	185.5
155.667	186.5
156.03	191.5
156.393	214.5
156.756	194.5
157.117	184.5
157.48	189.5
157.842	175.5
158.205	169.5
158.566	160.5
158.929	166.5
159.292	144.5
159.654	161.5
160.015	164.5
160.378	154.5
160.741	156.5
161.103	144.5
161.464	154.5
161.827	162.5
162.189	147.5
162.55	140.5
162.913	150.5
163.275	147.5
163.638	161.5
163.999	138.5
164.361	154.5
164.724	154.5
165.085	149.5
165.447	156.5
165.809	159.5
166.17	165.5
166.532	152.5
166.895	145.5
167.256	158.5
167.618	149.5
167.979	154.5
168.341	170.5
168.703	165.5
169.064	168.5
169.426	174.5
169.788	170.5
170.149	156.5
170.511	164.5
170.872	155.5
171.234	179.5
171.596	190.5
171.956	176.5
172.318	181.5
172.679	187.5
173.041	175.5
173.401	183.5
173.763	193.5
174.125	203.5
174.486	187.5
174.848	178.5
175.208	202.5
175.57	213.5
175.931	200.5
176.292	203.5
176.653	217.5
177.015	221.5
177.375	233.5
177.737	220.5
178.098	220.5
178.459	235.5
178.821	237.5
179.181	244.5
179.542	234.5
179.903	288.5
180.264	280.5
180.625	263.5
180.985	282.5
181.346	273.5
181.707	331.5
182.068	318.5
182.428	324.5
182.79	334.5
183.15	365.5
183.511	345.5
183.871	367.5
184.233	370.5
184.593	372.5
184.953	369.5
185.314	376.5
185.674	387.5
186.036	365.5
186.396	365.5
186.757	372.5
187.117	386.5
187.477	347.5
187.838	349.5
188.198	370.5
188.559	330.5
188.919	308.5
189.279	299.5
189.64	284.5
190	252.5
190.359	266.5
190.721	258.5
191.08	250.5
191.44	240.5
191.801	238.5
192.161	229.5
192.52	223.5
192.882	220.5
193.241	213.5
193.601	217.5
193.962	205.5
194.321	199.5
194.681	213.5
195.042	199.5
195.401	187.5
195.761	208.5
196.122	189.5
196.481	179.5
196.841	196.5
197.2	187.5
197.561	183.5
197.92	195.5
198.28	180.5
198.639	188.5
199	166.5
199.359	174.5
199.718	154.5
200.078	161.5
200.438	154.5
200.798	156.5
201.157	161.5
201.516	172.5
201.877	152.5
202.236	167.5
202.595	147.5
202.954	153.5
203.313	140.5
203.674	138.5
204.033	155.5
204.392	152.5
204.751	144.5
205.11	167.5
205.471	148.5
205.83	169.5
206.189	148.5
206.548	162.5
206.907	155.5
207.266	161.5
207.626	162.5
207.985	154.5
208.344	157.5
208.703	154.5
209.062	169.5
209.42	172.5
209.779	160.5
210.138	159.5
210.498	162.5
210.857	160.5
211.216	164.5
211.575	165.5
211.933	160.5
212.292	167.5
212.651	157.5
213.01	147.5
213.368	159.5
213.727	160.5
214.085	156.5
214.444	169.5
214.804	155.5
215.163	161.5
215.521	173.5
215.88	165.5
216.238	182.5
216.597	159.5
216.955	169.5
217.314	165.5
217.672	171.5
218.031	173.5
218.389	173.5
218.748	176.5
219.106	174.5
219.464	177.5
219.823	176.5
220.181	177.5
220.539	199.5
220.898	195.5
221.256	190.5
221.614	197.5
221.973	179.5
222.331	193.5
222.689	187.5
223.047	189.5
223.405	203.5
223.762	215.5
224.12	218.5
224.479	211.5
224.837	209.5
225.195	209.5
225.553	209.5
225.911	230.5
226.269	225.5
226.627	231.5
226.985	231.5
227.343	219.5
227.701	251.5
228.058	258.5
228.416	267.5
228.773	238.5
229.131	255.5
229.489	277.5
229.847	286.5
230.205	289.5
230.563	275.5
230.919	299.5
231.277	322.5
231.635	306.5
231.993	323.5
232.351	316.5
232.708	334.5
233.065	358.5
233.422	350.5
233.78	367.5
234.138	364.5
234.495	363.5
234.852	389.5
235.209	360.5
235.567	385.5
235.925	427.5
236.282	409.5
236.638	396.5
236.996	420.5
237.353	414.5
237.711	428.5
238.067	397.5
238.425	405.5
238.782	425.5
239.139	395.5
239.495	399.5
239.853	394.5
240.21	397.5
240.568	401.5
240.924	393.5
241.281	359.5
241.638	366.5
241.996	376.5
242.352	365.5
242.709	359.5
243.066	345.5
243.422	340.5
243.779	328.5
244.136	306.5
244.492	290.5
244.849	290.5
245.207	284.5
245.562	275.5
245.919	268.5
246.277	271.5
246.632	280.5
246.989	266.5
247.346	267.5
247.702	268.5
248.059	254.5
248.416	259.5
248.772	247.5
249.129	257.5
249.484	257.5
249.841	255.5
250.198	253.5
250.554	245.5
250.911	251.5
251.266	211.5
251.623	251.5
251.98	232.5
252.335	239.5
252.692	244.5
253.047	235.5
253.404	250.5
253.76	230.5
254.116	241.5
254.473	231.5
254.828	253.5
255.185	233.5
255.54	223.5
255.897	240.5
256.252	245.5
256.609	241.5
256.964	223.5
257.321	223.5
257.676	235.5
258.032	231.5
258.388	234.5
258.744	242.5
259.099	199.5
259.456	219.5
259.811	218.5
260.167	213.5
260.522	204.5
260.879	216.5
261.234	210.5
261.59	188.5
261.945	208.5
262.301	204.5
262.656	193.5
263.011	205.5
263.368	199.5
263.723	191.5
264.079	198.5
264.434	201.5
264.79	185.5
265.145	186.5
265.5	190.5
265.856	181.5
266.211	171.5
266.567	189.5
266.921	179.5
267.276	178.5
267.632	184.5
267.987	190.5
268.342	190.5
268.698	177.5
269.052	178.5
269.408	187.5
269.763	181.5
270.118	187.5
270.474	183.5
270.828	190.5
271.183	180.5
271.539	167.5
271.893	174.5
272.248	189.5
272.604	177.5
272.958	186.5
273.312	177.5
273.667	167.5
274.023	187.5
274.377	188.5
274.731	175.5
275.087	174.5
275.442	172.5
275.796	184.5
276.15	175.5
276.506	182.5
276.86	183.5
277.214	182.5
277.569	177.5
277.924	172.5
278.279	181.5
278.633	169.5
278.987	172.5
279.342	199.5
279.697	190.5
280.051	173.5
280.405	190.5
280.759	191.5
281.114	172.5
281.469	192.5
281.823	192.5
282.177	194.5
282.531	199.5
282.886	181.5
283.24	192.5
283.594	190.5
283.948	193.5
284.302	199.5
284.656	202.5
285.011	210.5
285.365	216.5
285.719	210.5
286.073	213.5
286.427	217.5
286.78	222.5
287.134	239.5
287.489	227.5
287.843	231.5
288.197	253.5
288.551	267.5
288.904	259.5
289.258	280.5
289.612	264.5
289.965	293.5
290.319	245.5
290.673	297.5
291.026	304.5
291.381	307.5
291.735	309.5
292.088	328.5
292.442	335.5
292.795	337.5
293.149	355.5
293.503	353.5
293.856	370.5
294.209	349.5
294.563	381.5
294.916	375.5
295.27	408.5
295.623	421.5
295.977	391.5
296.33	423.5
296.683	423.5
297.037	420.5
297.39	430.5
297.743	457.5
298.097	491.5
298.45	455.5
298.803	496.5
299.156	495.5
299.51	514.5
299.863	545.5
300.216	571.5
300.569	592.5
300.922	619.5
301.275	660.5
301.627	657.5
301.98	732.5
302.333	756.5
302.686	811.5
303.039	836.5
303.392	861.5
303.746	945.5
304.099	943.5
304.452	1024.5
304.804	1099.5
305.156	1274.5
305.509	1354.5
305.862	1471.5
306.215	1605.5
306.568	1735.5
306.921	1856.5
307.273	2051.5
307.626	2201.5
307.978	2442.5
308.331	2655.5
308.683	2791.5
309.036	3038.5
309.389	3212.5
309.742	3371.5
310.093	3481.5
310.446	3566.5
310.798	3556.5
311.151	3395.5
311.504	3344.5
311.855	3122.5
312.208	2938.5
312.56	2692.5
312.913	2453.5
313.265	2246.5
313.617	2194.5
313.969	1992.5
314.322	1895.5
314.674	1707.5
315.025	1615.5
315.378	1479.5
315.73	1452.5
316.083	1402.5
316.434	1278.5
316.786	1164.5
317.138	1143.5
317.489	1072.5
317.842	1053.5
318.194	945.5
318.547	913.5
318.897	847.5
319.25	747.5
319.602	752.5
319.953	723.5
320.305	679.5
320.657	652.5
321.008	608.5
321.36	621.5
321.713	583.5
322.063	510.5
322.416	523.5
322.768	466.5
323.118	499.5
323.471	482.5
323.823	466.5
324.173	447.5
324.525	423.5
324.876	422.5
325.228	406.5
325.58	386.5
325.931	369.5
326.283	348.5
326.633	366.5
326.985	337.5
327.337	360.5
327.688	308.5
328.039	341.5
328.39	308.5
328.742	305.5
329.094	295.5
329.444	304.5
329.796	302.5
330.146	286.5
330.498	274.5
330.848	276.5
331.2	278.5
331.551	282.5
331.902	265.5
332.253	260.5
332.604	271.5
332.954	267.5
333.306	228.5
333.656	247.5
334.008	268.5
334.358	257.5
334.71	250.5
335.06	234.5
335.411	251.5
335.762	250.5
336.113	237.5
