39.5698	141
39.941	134
40.3108	125
40.6805	124
41.0503	131
41.42	128
41.7897	131
42.1593	127
42.529	119
42.9001	126
43.2697	124
43.6393	128
44.0089	121
44.3784	125
44.748	117
45.1175	118
45.487	134
45.8565	134
46.226	115
46.5955	129
46.9649	130
47.3343	138
47.7052	134
48.0746	154
48.4439	152
48.8133	150
49.1826	143
49.5519	145
49.9212	163
50.2905	181
50.6598	171
51.029	204
51.3982	230
51.7675	290
52.1366	368
52.5058	521
52.875	875
53.2441	1163
53.6132	1183
53.9823	903
54.3514	634
54.7205	623
55.0895	841
55.4586	829
55.8276	508
56.1966	331
56.5641	235
56.9331	217
57.302	188
57.671	173
58.0399	179
58.4088	219
58.7776	239
59.1465	327
59.5153	371
59.8841	352
60.2529	313
60.6217	261
60.9905	237
61.3578	226
61.7265	290
62.0953	327
62.464	414
62.8326	495
63.2013	464
63.5699	423
63.9386	342
64.3057	310
64.6743	314
65.0429	330
65.4114	281
65.78	240
66.1485	206
66.517	156
66.884	145
67.2525	156
67.621	114
67.9894	124
68.3578	134
68.7248	121
69.0931	117
69.4615	120
69.8299	129
70.1982	126
70.565	123
70.9333	124
71.3016	136
71.6699	131
72.0381	144
72.4049	146
72.7731	153
73.1413	207
73.5094	226
73.8762	247
74.2443	231
74.6124	183
74.9805	162
75.3471	147
75.7152	142
76.0832	117
76.4513	117
76.8178	107
77.1858	110
77.5538	118
77.9203	119
78.2883	112
78.6562	123
79.0241	117
79.3905	107
79.7584	109
80.1262	116
80.4926	116
80.8605	101
81.2282	108
81.5946	107
81.9624	100
82.3301	118
82.6964	106
83.0641	110
83.4318	111
83.798	116
84.1657	111
84.5319	116
84.8995	105
85.2671	105
85.6333	121
86.0008	111
86.3684	126
86.7345	111
87.102	114
87.468	120
87.8355	116
88.2016	116
88.569	119
88.9364	119
89.3024	134
89.6698	129
90.0357	135
90.4031	133
90.769	129
91.1363	119
91.5036	110
91.8695	127
92.2368	96
92.6026	118
92.9698	106
93.3356	105
93.7028	111
94.0685	124
94.4357	109
94.8014	111
95.1685	127
95.5342	124
95.9013	111
96.267	120
96.634	128
96.9996	118
97.3666	151
97.7322	156
98.0992	132
98.4647	110
98.8317	113
99.1972	108
99.5641	112
99.9296	120
100.296	116
100.662	122
101.027	117
101.394	118
101.76	113
102.126	110
102.492	112
102.858	109
103.224	107
103.589	125
103.956	118
104.321	112
104.688	116
105.053	122
105.418	105
105.785	114
106.15	109
106.515	120
106.882	105
107.247	107
107.613	114
107.978	119
108.343	108
108.71	115
109.075	124
109.44	122
109.806	55
110.171	113
110.536	119
110.903	109
111.268	113
111.633	109
111.999	116
112.364	108
112.729	102
113.093	99
113.46	114
113.825	109
114.189	106
114.555	105
114.92	112
115.285	102
115.65	107
116.016	114
116.381	106
116.745	103
117.11	108
117.476	115
117.841	109
118.205	108
118.57	102
118.936	104
119.3	102
119.665	112
120.029	109
120.394	109
120.76	102
121.124	97
121.489	101
121.853	114
122.217	99
122.583	99
122.948	119
123.312	107
123.676	111
124.041	106
124.406	99
124.771	108
125.135	111
125.499	107
125.863	103
126.228	111
126.592	108
126.957	107
127.322	108
127.686	102
128.05	109
128.414	106
128.778	103
129.142	116
129.506	100
129.87	117
130.236	109
130.6	110
130.964	100
131.328	116
131.692	101
132.056	102
132.419	101
132.783	102
133.147	117
133.511	99
133.875	111
134.239	111
134.603	113
134.966	108
135.33	107
135.694	114
136.058	103
136.421	97
136.785	107
137.149	105
137.514	113
137.878	105
138.241	109
138.603	106
138.967	103
139.331	97
139.694	114
140.058	112
140.421	102
140.785	104
141.148	102
141.512	118
141.875	110
142.239	108
142.602	102
142.966	97
143.329	112
143.692	110
144.056	107
144.419	101
144.782	112
145.146	106
145.509	110
145.871	104
146.234	109
146.597	108
146.961	111
147.324	105
147.687	117
148.05	106
148.413	106
148.777	117
149.138	95
149.501	117
149.864	115
150.228	108
150.591	114
150.954	107
151.317	109
151.678	116
152.041	119
152.404	114
152.767	120
153.13	127
153.492	121
153.854	124
154.217	165
154.58	157
154.943	182
155.304	182
155.667	190
156.03	261
156.393	260
156.756	272
157.117	249
157.48	218
157.842	206
158.205	176
158.566	145
158.929	147
159.292	138
159.654	129
160.015	121
160.378	128
160.741	107
161.103	122
161.464	116
161.827	123
162.189	111
162.55	117
162.913	116
163.275	104
163.638	108
163.999	114
164.361	116
164.724	112
165.085	104
165.447	108
165.809	106
166.17	114
166.532	103
166.895	108
167.256	106
167.618	109
167.979	99
168.341	109
168.703	108
169.064	98
169.426	100
169.788	112
170.149	106
170.511	118
170.872	105
171.234	122
171.596	110
171.956	114
172.318	114
172.679	105
173.041	109
173.401	108
173.763	101
174.125	111
174.486	99
174.848	100
175.208	104
175.57	102
175.931	99
176.292	113
176.653	111
177.015	116
177.375	109
177.737	106
178.098	104
178.459	106
178.821	99
179.181	108
179.542	100
179.903	108
180.264	102
180.625	114
180.985	106
181.346	107
181.707	113
182.068	103
182.428	110
182.79	111
183.15	107
183.511	108
183.871	117
184.233	110
184.593	115
184.953	107
185.314	113
185.674	124
186.036	120
186.396	122
186.757	121
187.117	118
187.477	117
187.838	118
188.198	114
188.559	114
188.919	120
189.279	128
189.64	119
190	124
190.359	121
190.721	127
191.08	117
191.44	122
191.801	122
192.161	127
192.52	119
192.882	116
193.241	121
193.601	115
193.962	118
194.321	120
194.681	139
195.042	119
195.401	121
195.761	122
196.122	120
196.481	122
196.841	110
197.2	117
197.561	125
197.92	120
198.28	120
198.639	118
199	115
199.359	112
199.718	114
200.078	118
200.438	120
200.798	121
201.157	114
201.516	124
201.877	132
202.236	110
202.595	110
202.954	128
203.313	126
203.674	126
204.033	122
204.392	119
204.751	121
205.11	118
205.471	114
205.83	126
206.189	126
206.548	132
206.907	136
207.266	115
207.626	129
207.985	132
208.344	139
208.703	151
209.062	146
209.42	148
209.779	149
210.138	148
210.498	150
210.857	158
211.216	158
211.575	160
211.933	155
212.292	143
212.651	139
213.01	159
213.368	139
213.727	153
214.085	138
214.444	140
214.804	151
215.163	124
215.521	133
215.88	116
216.238	120
216.597	118
216.955	121
217.314	124
217.672	109
218.031	123
218.389	121
218.748	128
219.106	107
219.464	124
219.823	113
220.181	109
220.539	106
220.898	118
221.256	124
221.614	109
221.973	120
222.331	116
222.689	116
223.047	125
223.405	123
223.762	129
224.12	125
224.479	118
224.837	121
225.195	111
225.553	125
225.911	116
226.269	125
226.627	118
226.985	121
227.343	127
227.701	134
228.058	125
228.416	128
228.773	123
229.131	125
229.489	132
229.847	126
230.205	140
230.563	125
230.919	147
231.277	144
231.635	129
231.993	146
232.351	149
232.708	128
233.065	154
233.422	150
233.78	158
234.138	138
234.495	147
234.852	151
235.209	161
235.567	161
235.925	155
236.282	163
236.638	166
236.996	156
237.353	175
237.711	165
238.067	155
238.425	175
238.782	173
239.139	157
239.495	147
239.853	165
240.21	168
240.568	153
240.924	171
241.281	157
241.638	162
241.996	166
242.352	172
242.709	175
243.066	162
243.422	155
243.779	162
244.136	155
244.492	148
244.849	149
245.207	140
245.562	156
245.919	143
246.277	152
246.632	160
246.989	138
247.346	146
247.702	153
248.059	142
248.416	140
248.772	134
249.129	152
249.484	153
249.841	158
250.198	172
250.554	158
250.911	161
251.266	166
251.623	161
251.98	167
252.335	163
252.692	170
253.047	179
253.404	162
253.76	167
254.116	161
254.473	186
254.828	174
255.185	168
255.54	169
255.897	171
256.252	181
256.609	184
256.964	187
257.321	182
257.676	158
258.032	168
258.388	164
258.744	160
259.099	169
259.456	164
259.811	157
260.167	178
260.522	157
260.879	166
261.234	142
261.59	158
261.945	163
262.301	157
262.656	157
263.011	168
263.368	153
263.723	153
264.079	151
264.434	144
264.79	157
265.145	157
265.5	151
265.856	148
266.211	146
266.567	143
266.921	145
267.276	131
267.632	132
267.987	136
268.342	146
268.698	125
269.052	131
269.408	140
269.763	140
270.118	127
270.474	141
270.828	124
271.183	128
271.539	138
271.893	138
272.248	142
272.604	130
272.958	126
273.312	122
273.667	132
274.023	128
274.377	114
274.731	129
275.087	113
275.442	118
275.796	124
276.15	119
276.506	114
276.86	121
277.214	123
277.569	126
277.924	125
278.279	118
278.633	121
278.987	120
279.342	118
279.697	122
280.051	117
280.405	117
280.759	116
281.114	128
281.469	129
281.823	115
282.177	108
282.531	118
282.886	124
283.24	131
283.594	118
283.948	116
284.302	112
284.656	122
285.011	125
285.365	122
285.719	118
286.073	106
286.427	128
286.78	111
287.134	110
287.489	126
287.843	120
288.197	123
288.551	124
288.904	126
289.258	133
289.612	127
289.965	116
290.319	128
290.673	122
291.026	124
291.381	135
291.735	129
292.088	139
292.442	118
292.795	123
293.149	122
293.503	134
293.856	124
294.209	133
294.563	132
294.916	130
295.27	141
295.623	126
295.977	140
296.33	139
296.683	144
297.037	136
297.39	137
297.743	131
298.097	147
298.45	149
298.803	152
299.156	133
299.51	151
299.863	136
300.216	156
300.569	136
300.922	157
301.275	162
301.627	162
301.98	163
302.333	166
302.686	163
303.039	162
303.392	167
303.746	182
304.099	196
304.452	190
304.804	198
305.156	195
305.509	203
305.862	214
306.215	227
306.568	234
306.921	240
307.273	259
307.626	287
307.978	289
308.331	297
308.683	357
309.036	382
309.389	391
309.742	402
310.093	426
310.446	431
310.798	467
311.151	463
311.504	445
311.855	445
312.208	457
312.56	426
312.913	423
313.265	396
313.617	396
313.969	376
314.322	355
314.674	389
315.025	357
315.378	371
315.73	322
316.083	353
316.434	345
316.786	351
317.138	338
317.489	296
317.842	299
318.194	293
318.547	262
318.897	274
319.25	242
319.602	257
319.953	262
320.305	220
320.657	207
321.008	207
321.36	214
321.713	183
322.063	193
322.416	176
322.768	176
323.118	179
323.471	178
323.823	167
324.173	153
324.525	167
324.876	144
325.228	147
325.58	141
325.931	153
326.283	150
326.633	139
326.985	152
327.337	131
327.688	132
328.039	140
328.39	130
328.742	135
329.094	131
329.444	128
329.796	136
330.146	140
330.498	131
330.848	128
331.2	118
331.551	123
331.902	123
332.253	133
332.604	130
332.954	126
333.306	132
333.656	127
334.008	134
334.358	127
334.71	132
335.06	119
335.411	129
335.762	132
336.113	126
