39.5698	181
39.941	200
40.3108	185
40.6805	171
41.0503	166
41.42	167
41.7897	181
42.1593	165
42.529	164
42.9001	195
43.2697	168
43.6393	189
44.0089	164
44.3784	178
44.748	187
45.1175	177
45.487	176
45.8565	179
46.226	190
46.5955	188
46.9649	175
47.3343	182
47.7052	181
48.0746	217
48.4439	206
48.8133	199
49.1826	200
49.5519	199
49.9212	187
50.2905	187
50.6598	209
51.029	209
51.3982	224
51.7675	249
52.1366	243
52.5058	305
52.875	338
53.2441	415
53.6132	398
53.9823	344
54.3514	387
54.7205	470
55.0895	583
55.4586	545
55.8276	424
56.1966	365
56.5641	344
56.9331	346
57.302	369
57.671	389
58.0399	466
58.4088	630
58.7776	900
59.1465	1240
59.5153	1478
59.8841	1258
60.2529	1089
60.6217	1075
60.9905	1177
61.3578	1477
61.7265	1965
62.0953	2579
62.464	2922
62.8326	2918
63.2013	2633
63.5699	2075
63.9386	1673
64.3057	1478
64.6743	1362
65.0429	1183
65.4114	981
65.78	722
66.1485	523
66.517	422
66.884	383
67.2525	345
67.621	296
67.9894	278
68.3578	254
68.7248	232
69.0931	231
69.4615	239
69.8299	219
70.1982	235
70.565	256
70.9333	245
71.3016	249
71.6699	288
72.0381	328
72.4049	384
72.7731	498
73.1413	597
73.5094	668
73.8762	586
74.2443	511
74.6124	388
74.9805	302
75.3471	265
75.7152	239
76.0832	212
76.4513	187
76.8178	176
77.1858	165
77.5538	163
77.9203	171
78.2883	185
78.6562	165
79.0241	162
79.3905	153
79.7584	149
80.1262	144
80.4926	157
80.8605	143
81.2282	155
81.5946	151
81.9624	145
82.3301	143
82.6964	162
83.0641	154
83.4318	132
83.798	157
84.1657	148
84.5319	153
84.8995	148
85.2671	146
85.6333	152
86.0008	162
86.3684	164
86.7345	179
87.102	166
87.468	184
87.8355	197
88.2016	189
88.569	221
88.9364	227
89.3024	250
89.6698	280
90.0357	258
90.4031	242
90.769	206
91.1363	200
91.5036	174
91.8695	168
92.2368	147
92.6026	147
92.9698	146
93.3356	153
93.7028	130
94.0685	155
94.4357	155
94.8014	160
95.1685	149
95.5342	162
95.9013	165
96.267	158
96.634	160
96.9996	176
97.3666	244
97.7322	263
98.0992	211
98.4647	159
98.8317	145
99.1972	147
99.5641	141
99.9296	149
100.296	147
100.662	146
101.027	147
101.394	151
101.76	149
102.126	159
102.492	159
102.858	154
103.224	158
103.589	153
103.956	149
104.321	153
104.688	148
105.053	166
105.418	153
105.785	144
106.15	147
106.515	151
106.882	153
107.247	152
107.613	154
107.978	155
108.343	159
108.71	158
109.075	162
109.44	175
109.806	165
110.171	160
110.536	159
110.903	172
111.268	150
111.633	146
111.999	149
112.364	127
112.729	152
113.093	132
113.46	146
113.825	140
114.189	120
114.555	127
114.92	129
115.285	132
115.65	135
116.016	142
116.381	126
116.745	133
117.11	133
117.476	133
117.841	133
118.205	133
118.57	133
118.936	138
119.3	140
119.665	130
120.029	132
120.394	135
120.76	118
121.124	140
121.489	128
121.853	144
122.217	137
122.583	130
122.948	135
123.312	132
123.676	143
124.041	126
124.406	131
124.771	124
125.135	145
125.499	144
125.863	128
126.228	144
126.592	132
126.957	131
127.322	133
127.686	141
128.05	139
128.414	143
128.778	128
129.142	126
129.506	127
129.87	133
130.236	138
130.6	141
130.964	129
131.328	137
131.692	134
132.056	143
132.419	134
132.783	139
133.147	150
133.511	127
133.875	132
134.239	138
134.603	140
134.966	148
135.33	142
135.694	140
136.058	126
136.421	137
136.785	152
137.149	136
137.514	142
137.878	132
138.241	137
138.603	133
138.967	133
139.331	131
139.694	136
140.058	129
140.421	135
140.785	131
141.148	129
141.512	140
141.875	137
142.239	136
142.602	137
142.966	130
143.329	134
143.692	156
144.056	125
144.419	125
144.782	133
145.146	133
145.509	137
145.871	133
146.234	129
146.597	137
146.961	146
147.324	126
147.687	136
148.05	141
148.413	135
148.777	138
149.138	129
149.501	140
149.864	143
150.228	134
150.591	145
150.954	139
151.317	139
151.678	120
152.041	144
152.404	152
152.767	137
153.13	139
153.492	152
153.854	138
154.217	166
154.58	165
154.943	153
155.304	167
155.667	173
156.03	189
156.393	202
156.756	198
157.117	170
157.48	170
157.842	149
158.205	172
158.566	153
158.929	157
159.292	148
159.654	134
160.015	141
160.378	141
160.741	146
161.103	145
161.464	138
161.827	143
162.189	143
162.55	132
162.913	149
163.275	127
163.638	153
163.999	133
164.361	146
164.724	140
165.085	149
165.447	145
165.809	129
166.17	153
166.532	160
166.895	145
167.256	146
167.618	152
167.979	147
168.341	161
168.703	150
169.064	154
169.426	154
169.788	159
170.149	160
170.511	154
170.872	164
171.234	175
171.596	165
171.956	161
172.318	164
172.679	176
173.041	186
173.401	168
173.763	181
174.125	168
174.486	171
174.848	171
175.208	188
175.57	194
175.931	194
176.292	202
176.653	199
177.015	206
177.375	200
177.737	206
178.098	222
178.459	219
178.821	225
179.181	233
179.542	245
179.903	219
180.264	261
180.625	247
180.985	233
181.346	260
181.707	287
182.068	286
182.428	311
182.79	332
183.15	340
183.511	318
183.871	358
184.233	356
184.593	358
184.953	356
185.314	372
185.674	364
186.036	333
186.396	341
186.757	333
187.117	347
187.477	355
187.838	302
188.198	315
188.559	303
188.919	306
189.279	270
189.64	274
190	259
190.359	265
190.721	239
191.08	239
191.44	237
191.801	231
192.161	228
192.52	225
192.882	214
193.241	211
193.601	190
193.962	223
194.321	196
194.681	196
195.042	198
195.401	193
195.761	189
196.122	173
196.481	179
196.841	180
197.2	173
197.561	173
197.92	166
198.28	163
198.639	176
199	158
199.359	165
199.718	161
200.078	143
200.438	163
200.798	165
201.157	159
201.516	164
201.877	159
202.236	148
202.595	157
202.954	157
203.313	149
203.674	156
204.033	145
204.392	147
204.751	146
205.11	155
205.471	150
205.83	153
206.189	151
206.548	162
206.907	151
207.266	147
207.626	151
207.985	172
208.344	156
208.703	157
209.062	182
209.42	159
209.779	164
210.138	151
210.498	171
210.857	160
211.216	170
211.575	168
211.933	167
212.292	179
212.651	169
213.01	167
213.368	148
213.727	161
214.085	145
214.444	161
214.804	154
215.163	159
215.521	151
215.88	163
216.238	157
216.597	139
216.955	156
217.314	158
217.672	163
218.031	161
218.389	161
218.748	159
219.106	161
219.464	181
219.823	155
220.181	164
220.539	188
220.898	194
221.256	173
221.614	190
221.973	185
222.331	184
222.689	186
223.047	191
223.405	190
223.762	206
224.12	202
224.479	203
224.837	210
225.195	199
225.553	190
225.911	225
226.269	210
226.627	214
226.985	229
227.343	227
227.701	245
228.058	232
228.416	239
228.773	268
229.131	237
229.489	259
229.847	264
230.205	248
230.563	258
230.919	274
231.277	293
231.635	306
231.993	289
232.351	301
232.708	297
233.065	314
233.422	333
233.78	347
234.138	340
234.495	325
234.852	344
235.209	362
235.567	328
235.925	375
236.282	365
236.638	381
236.996	371
237.353	358
237.711	368
238.067	370
238.425	362
238.782	374
239.139	357
239.495	367
239.853	365
240.21	371
240.568	340
240.924	339
241.281	334
241.638	338
241.996	315
242.352	312
242.709	325
243.066	287
243.422	303
243.779	301
244.136	283
244.492	270
244.849	278
245.207	281
245.562	276
245.919	276
246.277	265
246.632	247
246.989	248
247.346	253
247.702	265
248.059	243
248.416	229
248.772	238
249.129	240
249.484	255
249.841	245
250.198	247
250.554	239
250.911	247
251.266	232
251.623	259
251.98	236
252.335	227
252.692	228
253.047	236
253.404	235
253.76	241
254.116	218
254.473	247
254.828	222
255.185	215
255.54	247
255.897	250
256.252	233
256.609	248
256.964	221
257.321	221
257.676	222
258.032	220
258.388	221
258.744	206
259.099	216
259.456	195
259.811	212
260.167	211
260.522	212
260.879	198
261.234	204
261.59	194
261.945	175
262.301	197
262.656	190
263.011	167
263.368	184
263.723	179
264.079	188
264.434	194
264.79	176
265.145	187
265.5	179
265.856	184
266.211	179
266.567	168
266.921	175
267.276	175
267.632	173
267.987	176
268.342	188
268.698	182
269.052	171
269.408	171
269.763	174
270.118	176
270.474	178
270.828	173
271.183	173
271.539	165
271.893	161
272.248	168
272.604	171
272.958	183
273.312	164
273.667	180
274.023	165
274.377	184
274.731	172
275.087	165
275.442	173
275.796	169
276.15	171
276.506	160
276.86	171
277.214	172
277.569	168
277.924	156
278.279	168
278.633	169
278.987	163
279.342	180
279.697	168
280.051	168
280.405	170
280.759	165
281.114	169
281.469	175
281.823	171
282.177	168
282.531	170
282.886	168
283.24	179
283.594	180
283.948	201
284.302	186
284.656	211
285.011	197
285.365	204
285.719	212
286.073	194
286.427	205
286.78	211
287.134	208
287.489	223
287.843	232
288.197	236
288.551	242
288.904	241
289.258	259
289.612	256
289.965	248
290.319	269
290.673	264
291.026	287
291.381	285
291.735	307
292.088	294
292.442	306
292.795	335
293.149	297
293.503	303
293.856	339
294.209	350
294.563	341
294.916	332
295.27	365
295.623	335
295.977	367
296.33	356
296.683	386
297.037	367
297.39	409
297.743	413
298.097	435
298.45	412
298.803	425
299.156	449
299.51	466
299.863	463
300.216	522
300.569	534
300.922	566
301.275	584
301.627	626
301.98	628
302.333	622
302.686	687
303.039	744
303.392	743
303.746	835
304.099	904
304.452	924
304.804	975
305.156	1064
305.509	1183
305.862	1223
306.215	1342
306.568	1438
306.921	1655
307.273	1747
307.626	1953
307.978	2082
308.331	2293
308.683	2459
309.036	2563
309.389	2778
309.742	2882
310.093	3021
310.446	3028
310.798	3040
311.151	3013
311.504	2935
311.855	2655
312.208	2565
312.56	2398
312.913	2170
313.265	2042
313.617	1870
313.969	1706
314.322	1624
314.674	1522
315.025	1439
315.378	1343
315.73	1270
316.083	1170
316.434	1096
316.786	1042
317.138	1021
317.489	934
317.842	914
318.194	820
318.547	800
318.897	743
319.25	707
319.602	656
319.953	604
320.305	580
320.657	595
321.008	517
321.36	534
321.713	527
322.063	476
322.416	448
322.768	448
323.118	447
323.471	422
323.823	405
324.173	395
324.525	391
324.876	383
325.228	353
325.58	352
325.931	337
326.283	336
326.633	315
326.985	310
327.337	298
327.688	311
328.039	292
328.39	291
328.742	289
329.094	262
329.444	260
329.796	271
330.146	257
330.498	264
330.848	253
331.2	259
331.551	256
331.902	270
332.253	242
332.604	234
332.954	225
333.306	234
333.656	201
334.008	225
334.358	214
334.71	234
335.06	230
335.411	221
335.762	210
336.113	212
