39.5698	136.5
39.941	125.5
40.3108	121.5
40.6805	126.5
41.0503	126.5
41.42	119.5
41.7897	120.5
42.1593	106.5
42.529	117.5
42.9001	116.5
43.2697	122.5
43.6393	128.5
44.0089	122.5
44.3784	115.5
44.748	115.5
45.1175	110.5
45.487	110.5
45.8565	120.5
46.226	115.5
46.5955	123.5
46.9649	121.5
47.3343	125.5
47.7052	128.5
48.0746	121.5
48.4439	134.5
48.8133	126.5
49.1826	109.5
49.5519	126.5
49.9212	121.5
50.2905	129.5
50.6598	129.5
51.029	125.5
51.3982	141.5
51.7675	145.5
52.1366	166.5
52.5058	176.5
52.875	199.5
53.2441	242.5
53.6132	291.5
53.9823	332.5
54.3514	404.5
54.7205	646.5
55.0895	1295.5
55.4586	1803.5
55.8276	1322.5
56.1966	628.5
56.5641	360.5
56.9331	242.5
57.302	190.5
57.671	175.5
58.0399	151.5
58.4088	167.5
58.7776	153.5
59.1465	202.5
59.5153	226.5
59.8841	295.5
60.2529	335.5
60.6217	306.5
60.9905	222.5
61.3578	234.5
61.7265	279.5
62.0953	266.5
62.464	345.5
62.8326	374.5
63.2013	376.5
63.5699	351.5
63.9386	296.5
64.3057	216.5
64.6743	187.5
65.0429	199.5
65.4114	172.5
65.78	167.5
66.1485	136.5
66.517	144.5
66.884	121.5
67.2525	126.5
67.621	123.5
67.9894	104.5
68.3578	129.5
68.7248	112.5
69.0931	121.5
69.4615	113.5
69.8299	108.5
70.1982	116.5
70.565	116.5
70.9333	117.5
71.3016	108.5
71.6699	111.5
72.0381	116.5
72.4049	126.5
72.7731	147.5
73.1413	137.5
73.5094	164.5
73.8762	169.5
74.2443	154.5
74.6124	150.5
74.9805	137.5
75.3471	124.5
75.7152	128.5
76.0832	113.5
76.4513	104.5
76.8178	114.5
77.1858	101.5
77.5538	106.5
77.9203	105.5
78.2883	115.5
78.6562	121.5
79.0241	109.5
79.3905	109.5
79.7584	110.5
80.1262	106.5
80.4926	117.5
80.8605	99.5
81.2282	104.5
81.5946	103.5
81.9624	106.5
82.3301	103.5
82.6964	103.5
83.0641	99.5
83.4318	98.5
83.798	97.5
84.1657	109.5
84.5319	106.5
84.8995	103.5
85.2671	102.5
85.6333	106.5
86.0008	110.5
86.3684	117.5
86.7345	112.5
87.102	112.5
87.468	109.5
87.8355	107.5
88.2016	99.5
88.569	102.5
88.9364	101.5
89.3024	118.5
89.6698	101.5
90.0357	110.5
90.4031	105.5
90.769	106.5
91.1363	104.5
91.5036	99.5
91.8695	96.5
92.2368	100.5
92.6026	105.5
92.9698	103.5
93.3356	103.5
93.7028	111.5
94.0685	106.5
94.4357	105.5
94.8014	111.5
95.1685	110.5
95.5342	115.5
95.9013	115.5
96.267	104.5
96.634	111.5
96.9996	122.5
97.3666	136.5
97.7322	142.5
98.0992	147.5
98.4647	130.5
98.8317	104.5
99.1972	94.5
99.5641	107.5
99.9296	106.5
100.296	107.5
100.662	99.5
101.027	110.5
101.394	108.5
101.76	108.5
102.126	99.5
102.492	111.5
102.858	109.5
103.224	108.5
103.589	103.5
103.956	102.5
104.321	103.5
104.688	102.5
105.053	112.5
105.418	104.5
105.785	102.5
106.15	103.5
106.515	99.5
106.882	106.5
107.247	113.5
107.613	104.5
107.978	111.5
108.343	114.5
108.71	95.5
109.075	108.5
109.44	103.5
109.806	109.5
110.171	117.5
110.536	110.5
110.903	101.5
111.268	105.5
111.633	109.5
111.999	105.5
112.364	113.5
112.729	110.5
113.093	109.5
113.46	105.5
113.825	94.5
114.189	97.5
114.555	102.5
114.92	103.5
115.285	96.5
115.65	105.5
116.016	104.5
116.381	104.5
116.745	95.5
117.11	106.5
117.476	107.5
117.841	106.5
118.205	105.5
118.57	107.5
118.936	98.5
119.3	103.5
119.665	96.5
120.029	103.5
120.394	94.5
120.76	105.5
121.124	106.5
121.489	109.5
121.853	98.5
122.217	106.5
122.583	100.5
122.948	103.5
123.312	110.5
123.676	101.5
124.041	100.5
124.406	104.5
124.771	104.5
125.135	106.5
125.499	98.5
125.863	100.5
126.228	102.5
126.592	112.5
126.957	111.5
127.322	100.5
127.686	101.5
128.05	102.5
128.414	110.5
128.778	102.5
129.142	108.5
129.506	101.5
129.87	110.5
130.236	99.5
130.6	107.5
130.964	94.5
131.328	103.5
131.692	105.5
132.056	104.5
132.419	114.5
132.783	111.5
133.147	111.5
133.511	99.5
133.875	92.5
134.239	98.5
134.603	108.5
134.966	91.5
135.33	101.5
135.694	101.5
136.058	95.5
136.421	95.5
136.785	104.5
137.149	103.5
137.514	103.5
137.878	99.5
138.241	100.5
138.603	108.5
138.967	97.5
139.331	101.5
139.694	96.5
140.058	104.5
140.421	106.5
140.785	106.5
141.148	98.5
141.512	105.5
141.875	97.5
142.239	111.5
142.602	100.5
142.966	104.5
143.329	105.5
143.692	106.5
144.056	112.5
144.419	106.5
144.782	97.5
145.146	104.5
145.509	108.5
145.871	96.5
146.234	95.5
146.597	109.5
146.961	104.5
147.324	103.5
147.687	107.5
148.05	111.5
148.413	102.5
148.777	99.5
149.138	101.5
149.501	103.5
149.864	112.5
150.228	106.5
150.591	107.5
150.954	103.5
151.317	101.5
151.678	103.5
152.041	110.5
152.404	104.5
152.767	98.5
153.13	103.5
153.492	99.5
153.854	107.5
154.217	111.5
154.58	102.5
154.943	99.5
155.304	114.5
155.667	118.5
156.03	119.5
156.393	119.5
156.756	120.5
157.117	121.5
157.48	120.5
157.842	116.5
158.205	114.5
158.566	114.5
158.929	111.5
159.292	102.5
159.654	105.5
160.015	113.5
160.378	110.5
160.741	99.5
161.103	99.5
161.464	110.5
161.827	110.5
162.189	96.5
162.55	109.5
162.913	100.5
163.275	109.5
163.638	106.5
163.999	102.5
164.361	107.5
164.724	108.5
165.085	110.5
165.447	108.5
165.809	105.5
166.17	103.5
166.532	99.5
166.895	100.5
167.256	107.5
167.618	107.5
167.979	112.5
168.341	98.5
168.703	115.5
169.064	101.5
169.426	101.5
169.788	108.5
170.149	105.5
170.511	102.5
170.872	107.5
171.234	108.5
171.596	108.5
171.956	107.5
172.318	109.5
172.679	110.5
173.041	109.5
173.401	105.5
173.763	107.5
174.125	120.5
174.486	111.5
174.848	118.5
175.208	117.5
175.57	106.5
175.931	111.5
176.292	119.5
176.653	118.5
177.015	108.5
177.375	118.5
177.737	115.5
178.098	114.5
178.459	118.5
178.821	118.5
179.181	110.5
179.542	105.5
179.903	104.5
180.264	114.5
180.625	111.5
180.985	119.5
181.346	119.5
181.707	117.5
182.068	124.5
182.428	121.5
182.79	125.5
183.15	117.5
183.511	111.5
183.871	133.5
184.233	131.5
184.593	126.5
184.953	129.5
185.314	120.5
185.674	116.5
186.036	134.5
186.396	118.5
186.757	133.5
187.117	133.5
187.477	119.5
187.838	124.5
188.198	121.5
188.559	124.5
188.919	124.5
189.279	141.5
189.64	138.5
190	130.5
190.359	136.5
190.721	127.5
191.08	144.5
191.44	141.5
191.801	141.5
192.161	137.5
192.52	142.5
192.882	150.5
193.241	138.5
193.601	128.5
193.962	148.5
194.321	129.5
194.681	137.5
195.042	137.5
195.401	133.5
195.761	144.5
196.122	130.5
196.481	129.5
196.841	131.5
197.2	130.5
197.561	128.5
197.92	139.5
198.28	131.5
198.639	122.5
199	135.5
199.359	140.5
199.718	132.5
200.078	141.5
200.438	138.5
200.798	137.5
201.157	143.5
201.516	145.5
201.877	138.5
202.236	138.5
202.595	142.5
202.954	156.5
203.313	139.5
203.674	137.5
204.033	145.5
204.392	145.5
204.751	156.5
205.11	159.5
205.471	156.5
205.83	154.5
206.189	152.5
206.548	160.5
206.907	172.5
207.266	162.5
207.626	187.5
207.985	188.5
208.344	186.5
208.703	196.5
209.062	192.5
209.42	194.5
209.779	216.5
210.138	216.5
210.498	212.5
210.857	227.5
211.216	229.5
211.575	217.5
211.933	202.5
212.292	221.5
212.651	215.5
213.01	213.5
213.368	187.5
213.727	192.5
214.085	190.5
214.444	163.5
214.804	163.5
215.163	150.5
215.521	166.5
215.88	141.5
216.238	150.5
216.597	138.5
216.955	131.5
217.314	120.5
217.672	142.5
218.031	126.5
218.389	133.5
218.748	130.5
219.106	112.5
219.464	126.5
219.823	130.5
220.181	128.5
220.539	108.5
220.898	120.5
221.256	118.5
221.614	122.5
221.973	121.5
222.331	121.5
222.689	107.5
223.047	109.5
223.405	119.5
223.762	115.5
224.12	109.5
224.479	121.5
224.837	110.5
225.195	115.5
225.553	121.5
225.911	121.5
226.269	118.5
226.627	124.5
226.985	117.5
227.343	122.5
227.701	113.5
228.058	119.5
228.416	122.5
228.773	110.5
229.131	120.5
229.489	131.5
229.847	113.5
230.205	121.5
230.563	123.5
230.919	128.5
231.277	132.5
231.635	117.5
231.993	122.5
232.351	132.5
232.708	130.5
233.065	127.5
233.422	113.5
233.78	134.5
234.138	130.5
234.495	122.5
234.852	128.5
235.209	128.5
235.567	135.5
235.925	140.5
236.282	138.5
236.638	138.5
236.996	136.5
237.353	148.5
237.711	141.5
238.067	140.5
238.425	139.5
238.782	140.5
239.139	149.5
239.495	134.5
239.853	144.5
240.21	133.5
240.568	133.5
240.924	141.5
241.281	142.5
241.638	139.5
241.996	135.5
242.352	149.5
242.709	138.5
243.066	126.5
243.422	135.5
243.779	145.5
244.136	128.5
244.492	137.5
244.849	141.5
245.207	136.5
245.562	138.5
245.919	158.5
246.277	140.5
246.632	142.5
246.989	149.5
247.346	141.5
247.702	144.5
248.059	154.5
248.416	154.5
248.772	172.5
249.129	158.5
249.484	160.5
249.841	167.5
250.198	157.5
250.554	166.5
250.911	184.5
251.266	179.5
251.623	193.5
251.98	182.5
252.335	187.5
252.692	190.5
253.047	187.5
253.404	198.5
253.76	182.5
254.116	191.5
254.473	205.5
254.828	216.5
255.185	210.5
255.54	217.5
255.897	188.5
256.252	199.5
256.609	196.5
256.964	190.5
257.321	182.5
257.676	174.5
258.032	177.5
258.388	168.5
258.744	177.5
259.099	164.5
259.456	172.5
259.811	163.5
260.167	155.5
260.522	151.5
260.879	148.5
261.234	160.5
261.59	142.5
261.945	138.5
262.301	133.5
262.656	144.5
263.011	136.5
263.368	136.5
263.723	142.5
264.079	131.5
264.434	137.5
264.79	130.5
265.145	133.5
265.5	138.5
265.856	126.5
266.211	125.5
266.567	122.5
266.921	121.5
267.276	129.5
267.632	132.5
267.987	123.5
268.342	117.5
268.698	104.5
269.052	121.5
269.408	120.5
269.763	130.5
270.118	132.5
270.474	113.5
270.828	120.5
271.183	126.5
271.539	113.5
271.893	118.5
272.248	123.5
272.604	123.5
272.958	117.5
273.312	116.5
273.667	125.5
274.023	122.5
274.377	113.5
274.731	112.5
275.087	118.5
275.442	113.5
275.796	113.5
276.15	117.5
276.506	110.5
276.86	108.5
277.214	118.5
277.569	113.5
277.924	119.5
278.279	113.5
278.633	106.5
278.987	120.5
279.342	105.5
279.697	111.5
280.051	112.5
280.405	110.5
280.759	103.5
281.114	122.5
281.469	99.5
281.823	125.5
282.177	113.5
282.531	118.5
282.886	121.5
283.24	111.5
283.594	111.5
283.948	103.5
284.302	100.5
284.656	115.5
285.011	109.5
285.365	106.5
285.719	115.5
286.073	113.5
286.427	118.5
286.78	123.5
287.134	104.5
287.489	118.5
287.843	119.5
288.197	112.5
288.551	113.5
288.904	124.5
289.258	117.5
289.612	117.5
289.965	113.5
290.319	113.5
290.673	127.5
291.026	119.5
291.381	114.5
291.735	113.5
292.088	113.5
292.442	107.5
292.795	130.5
293.149	118.5
293.503	128.5
293.856	131.5
294.209	132.5
294.563	122.5
294.916	125.5
295.27	113.5
295.623	122.5
295.977	122.5
296.33	126.5
296.683	135.5
297.037	134.5
297.39	136.5
297.743	121.5
298.097	136.5
298.45	133.5
298.803	138.5
299.156	108.5
299.51	127.5
299.863	133.5
300.216	141.5
300.569	138.5
300.922	144.5
301.275	142.5
301.627	146.5
301.98	142.5
302.333	162.5
302.686	153.5
303.039	156.5
303.392	164.5
303.746	164.5
304.099	169.5
304.452	163.5
304.804	171.5
305.156	200.5
305.509	193.5
305.862	204.5
306.215	231.5
306.568	220.5
306.921	231.5
307.273	240.5
307.626	251.5
307.978	271.5
308.331	294.5
308.683	317.5
309.036	359.5
309.389	383.5
309.742	366.5
310.093	391.5
310.446	389.5
310.798	413.5
311.151	397.5
311.504	395.5
311.855	381.5
312.208	360.5
312.56	352.5
312.913	338.5
313.265	350.5
313.617	309.5
313.969	306.5
314.322	286.5
314.674	265.5
315.025	261.5
315.378	238.5
315.73	259.5
316.083	244.5
316.434	235.5
316.786	228.5
317.138	228.5
317.489	213.5
317.842	201.5
318.194	197.5
318.547	206.5
318.897	178.5
319.25	183.5
319.602	175.5
319.953	176.5
320.305	165.5
320.657	154.5
321.008	145.5
321.36	150.5
321.713	160.5
322.063	145.5
322.416	145.5
322.768	134.5
323.118	139.5
323.471	138.5
323.823	148.5
324.173	139.5
324.525	139.5
324.876	120.5
325.228	130.5
325.58	127.5
325.931	123.5
326.283	124.5
326.633	136.5
326.985	117.5
327.337	134.5
327.688	122.5
328.039	116.5
328.39	123.5
328.742	113.5
329.094	116.5
329.444	123.5
329.796	112.5
330.146	112.5
330.498	118.5
330.848	121.5
331.2	117.5
331.551	121.5
331.902	117.5
332.253	104.5
332.604	113.5
332.954	116.5
333.306	113.5
333.656	117.5
334.008	115.5
334.358	121.5
334.71	117.5
335.06	120.5
335.411	109.5
335.762	112.5
336.113	119.5
