39.5698	163
39.941	177
40.3108	174
40.6805	159
41.0503	171
41.42	155
41.7897	170
42.1593	151
42.529	162
42.9001	148
43.2697	154
43.6393	163
44.0089	159
44.3784	144
44.748	161
45.1175	137
45.487	150
45.8565	153
46.226	163
46.5955	163
46.9649	144
47.3343	162
47.7052	159
48.0746	148
48.4439	218
48.8133	194
49.1826	173
49.5519	158
49.9212	168
50.2905	162
50.6598	185
51.029	206
51.3982	216
51.7675	257
52.1366	285
52.5058	403
52.875	591
53.2441	928
53.6132	1328
53.9823	1280
54.3514	947
54.7205	639
55.0895	573
55.4586	618
55.8276	611
56.1966	441
56.5641	319
56.9331	274
57.302	216
57.671	220
58.0399	215
58.4088	217
58.7776	223
59.1465	214
59.5153	215
59.8841	241
60.2529	262
60.6217	299
60.9905	331
61.3578	402
61.7265	485
62.0953	616
62.464	819
62.8326	1075
63.2013	1258
63.5699	1243
63.9386	1058
64.3057	757
64.6743	550
65.0429	445
65.4114	337
65.78	298
66.1485	249
66.517	212
66.884	217
67.2525	170
67.621	179
67.9894	179
68.3578	149
68.7248	158
69.0931	154
69.4615	159
69.8299	161
70.1982	157
70.565	155
70.9333	158
71.3016	155
71.6699	159
72.0381	155
72.4049	185
72.7731	209
73.1413	242
73.5094	280
73.8762	342
74.2443	338
74.6124	296
74.9805	262
75.3471	213
75.7152	176
76.0832	150
76.4513	153
76.8178	149
77.1858	135
77.5538	143
77.9203	154
78.2883	147
78.6562	148
79.0241	143
79.3905	132
79.7584	126
80.1262	127
80.4926	123
80.8605	131
81.2282	124
81.5946	127
81.9624	136
82.3301	132
82.6964	138
83.0641	135
83.4318	131
83.798	127
84.1657	132
84.5319	136
84.8995	135
85.2671	143
85.6333	148
86.0008	137
86.3684	148
86.7345	143
87.102	137
87.468	142
87.8355	139
88.2016	124
88.569	138
88.9364	134
89.3024	137
89.6698	126
90.0357	145
90.4031	127
90.769	131
91.1363	134
91.5036	132
91.8695	137
92.2368	143
92.6026	140
92.9698	142
93.3356	141
93.7028	135
94.0685	144
94.4357	146
94.8014	148
95.1685	144
95.5342	149
95.9013	156
96.267	138
96.634	150
96.9996	168
97.3666	209
97.7322	264
98.0992	243
98.4647	172
98.8317	151
99.1972	136
99.5641	140
99.9296	136
100.296	151
100.662	144
101.027	134
101.394	142
101.76	150
102.126	151
102.492	160
102.858	147
103.224	140
103.589	149
103.956	154
104.321	145
104.688	135
105.053	143
105.418	141
105.785	141
106.15	146
106.515	146
106.882	141
107.247	142
107.613	144
107.978	141
108.343	133
108.71	134
109.075	149
109.44	144
109.806	148
110.171	151
110.536	145
110.903	139
111.268	149
111.633	119
111.999	137
112.364	131
112.729	131
113.093	121
113.46	113
113.825	126
114.189	119
114.555	121
114.92	121
115.285	118
115.65	122
116.016	120
116.381	126
116.745	121
117.11	128
117.476	133
117.841	134
118.205	117
118.57	120
118.936	124
119.3	121
119.665	122
120.029	126
120.394	117
120.76	123
121.124	121
121.489	120
121.853	121
122.217	122
122.583	125
122.948	118
123.312	115
123.676	122
124.041	120
124.406	115
124.771	113
125.135	119
125.499	114
125.863	129
126.228	116
126.592	128
126.957	118
127.322	113
127.686	122
128.05	120
128.414	124
128.778	123
129.142	127
129.506	119
129.87	124
130.236	112
130.6	131
130.964	116
131.328	133
131.692	125
132.056	132
132.419	120
132.783	121
133.147	125
133.511	132
133.875	122
134.239	125
134.603	127
134.966	131
135.33	139
135.694	126
136.058	132
136.421	131
136.785	135
137.149	121
137.514	134
137.878	125
138.241	133
138.603	125
138.967	119
139.331	135
139.694	129
140.058	126
140.421	121
140.785	125
141.148	130
141.512	122
141.875	131
142.239	128
142.602	120
142.966	136
143.329	129
143.692	131
144.056	133
144.419	121
144.782	122
145.146	130
145.509	122
145.871	129
146.234	125
146.597	126
146.961	139
147.324	118
147.687	129
148.05	122
148.413	134
148.777	122
149.138	127
149.501	138
149.864	125
150.228	120
150.591	130
150.954	129
151.317	139
151.678	140
152.041	123
152.404	132
152.767	131
153.13	143
153.492	146
153.854	161
154.217	161
154.58	188
154.943	194
155.304	198
155.667	240
156.03	263
156.393	299
156.756	304
157.117	325
157.48	309
157.842	254
158.205	236
158.566	218
158.929	173
159.292	170
159.654	162
160.015	160
160.378	140
160.741	133
161.103	155
161.464	133
161.827	133
162.189	132
162.55	131
162.913	134
163.275	128
163.638	141
163.999	121
164.361	121
164.724	127
165.085	128
165.447	122
165.809	129
166.17	108
166.532	124
166.895	115
167.256	131
167.618	139
167.979	120
168.341	134
168.703	109
169.064	131
169.426	120
169.788	120
170.149	132
170.511	126
170.872	123
171.234	130
171.596	132
171.956	132
172.318	123
172.679	136
173.041	135
173.401	125
173.763	125
174.125	133
174.486	119
174.848	131
175.208	140
175.57	130
175.931	126
176.292	126
176.653	136
177.015	133
177.375	136
177.737	127
178.098	126
178.459	139
178.821	134
179.181	136
179.542	141
179.903	146
180.264	145
180.625	139
180.985	154
181.346	136
181.707	132
182.068	146
182.428	154
182.79	147
183.15	157
183.511	140
183.871	163
184.233	153
184.593	177
184.953	163
185.314	168
185.674	161
186.036	159
186.396	159
186.757	165
187.117	178
187.477	168
187.838	160
188.198	167
188.559	171
188.919	162
189.279	163
189.64	155
190	155
190.359	157
190.721	147
191.08	149
191.44	153
191.801	139
192.161	133
192.52	139
192.882	140
193.241	139
193.601	145
193.962	131
194.321	131
194.681	132
195.042	136
195.401	129
195.761	134
196.122	137
196.481	125
196.841	134
197.2	121
197.561	133
197.92	127
198.28	129
198.639	120
199	135
199.359	124
199.718	118
200.078	125
200.438	122
200.798	127
201.157	129
201.516	122
201.877	113
202.236	116
202.595	110
202.954	120
203.313	132
203.674	123
204.033	118
204.392	119
204.751	127
205.11	131
205.471	120
205.83	120
206.189	129
206.548	129
206.907	123
207.266	129
207.626	132
207.985	133
208.344	126
208.703	140
209.062	139
209.42	124
209.779	132
210.138	125
210.498	141
210.857	140
211.216	143
211.575	148
211.933	133
212.292	148
212.651	141
213.01	136
213.368	134
213.727	139
214.085	133
214.444	132
214.804	130
215.163	133
215.521	131
215.88	126
216.238	144
216.597	139
216.955	133
217.314	129
217.672	130
218.031	128
218.389	133
218.748	135
219.106	136
219.464	131
219.823	127
220.181	134
220.539	147
220.898	133
221.256	142
221.614	133
221.973	131
222.331	146
222.689	138
223.047	150
223.405	154
223.762	140
224.12	131
224.479	145
224.837	155
225.195	145
225.553	159
225.911	156
226.269	161
226.627	186
226.985	165
227.343	167
227.701	157
228.058	171
228.416	169
228.773	180
229.131	187
229.489	188
229.847	196
230.205	200
230.563	201
230.919	219
231.277	209
231.635	220
231.993	211
232.351	220
232.708	228
233.065	237
233.422	215
233.78	241
234.138	243
234.495	239
234.852	259
235.209	267
235.567	248
235.925	288
236.282	287
236.638	317
236.996	300
237.353	309
237.711	311
238.067	304
238.425	293
238.782	330
239.139	312
239.495	317
239.853	318
240.21	316
240.568	303
240.924	326
241.281	287
241.638	294
241.996	280
242.352	260
242.709	272
243.066	297
243.422	271
243.779	261
244.136	250
244.492	236
244.849	233
245.207	226
245.562	234
245.919	223
246.277	234
246.632	229
246.989	207
247.346	214
247.702	224
248.059	215
248.416	204
248.772	201
249.129	195
249.484	213
249.841	185
250.198	204
250.554	182
250.911	187
251.266	211
251.623	183
251.98	185
252.335	191
252.692	200
253.047	179
253.404	191
253.76	196
254.116	195
254.473	200
254.828	189
255.185	194
255.54	193
255.897	191
256.252	181
256.609	193
256.964	204
257.321	179
257.676	195
258.032	187
258.388	185
258.744	184
259.099	188
259.456	175
259.811	205
260.167	187
260.522	192
260.879	193
261.234	200
261.59	178
261.945	190
262.301	198
262.656	201
263.011	205
263.368	201
263.723	194
264.079	171
264.434	190
264.79	181
265.145	180
265.5	187
265.856	185
266.211	182
266.567	193
266.921	191
267.276	171
267.632	182
267.987	179
268.342	174
268.698	171
269.052	187
269.408	161
269.763	156
270.118	167
270.474	155
270.828	165
271.183	147
271.539	148
271.893	154
272.248	154
272.604	153
272.958	148
273.312	158
273.667	144
274.023	146
274.377	161
274.731	152
275.087	143
275.442	156
275.796	153
276.15	145
276.506	140
276.86	144
277.214	140
277.569	125
277.924	150
278.279	143
278.633	139
278.987	144
279.342	139
279.697	140
280.051	140
280.405	144
280.759	135
281.114	141
281.469	143
281.823	129
282.177	139
282.531	135
282.886	147
283.24	149
283.594	143
283.948	136
284.302	149
284.656	126
285.011	155
285.365	146
285.719	155
286.073	142
286.427	140
286.78	150
287.134	149
287.489	144
287.843	157
288.197	171
288.551	149
288.904	163
289.258	164
289.612	160
289.965	163
290.319	159
290.673	170
291.026	175
291.381	171
291.735	183
292.088	187
292.442	182
292.795	181
293.149	191
293.503	193
293.856	185
294.209	196
294.563	192
294.916	204
295.27	195
295.623	213
295.977	203
296.33	226
296.683	204
297.037	231
297.39	226
297.743	242
298.097	231
298.45	226
298.803	223
299.156	241
299.51	237
299.863	257
300.216	272
300.569	287
300.922	243
301.275	270
301.627	270
301.98	301
302.333	281
302.686	327
303.039	320
303.392	352
303.746	360
304.099	347
304.452	419
304.804	453
305.156	432
305.509	460
305.862	482
306.215	485
306.568	559
306.921	601
307.273	682
307.626	708
307.978	789
308.331	857
308.683	937
309.036	1013
309.389	1142
309.742	1249
310.093	1270
310.446	1370
310.798	1497
311.151	1568
311.504	1521
311.855	1476
312.208	1447
312.56	1383
312.913	1275
313.265	1206
313.617	1206
313.969	1124
314.322	1079
314.674	981
315.025	948
315.378	947
315.73	916
316.083	879
316.434	861
316.786	831
317.138	777
317.489	746
317.842	751
318.194	719
318.547	698
318.897	632
319.25	618
319.602	585
319.953	526
320.305	481
320.657	484
321.008	441
321.36	402
321.713	406
322.063	362
322.416	334
322.768	343
323.118	323
323.471	314
323.823	259
324.173	287
324.525	275
324.876	262
325.228	267
325.58	249
325.931	239
326.283	245
326.633	234
326.985	228
327.337	213
327.688	206
328.039	194
328.39	207
328.742	192
329.094	203
329.444	198
329.796	189
330.146	190
330.498	202
330.848	181
331.2	188
331.551	185
331.902	190
332.253	171
332.604	197
332.954	174
333.306	170
333.656	178
334.008	172
334.358	169
334.71	166
335.06	166
335.411	177
335.762	167
336.113	179
