39.5698	148
39.941	163
40.3108	162
40.6805	145
41.0503	139
41.42	148
41.7897	137
42.1593	137
42.529	137
42.9001	152
43.2697	136
43.6393	153
44.0089	158
44.3784	137
44.748	140
45.1175	150
45.487	136
45.8565	148
46.226	134
46.5955	136
46.9649	151
47.3343	123
47.7052	126
48.0746	137
48.4439	182
48.8133	208
49.1826	176
49.5519	152
49.9212	162
50.2905	153
50.6598	160
51.029	163
51.3982	181
51.7675	164
52.1366	229
52.5058	296
52.875	379
53.2441	602
53.6132	942
53.9823	1170
54.3514	986
54.7205	726
55.0895	511
55.4586	516
55.8276	561
56.1966	484
56.5641	335
56.9331	279
57.302	254
57.671	216
58.0399	176
58.4088	191
58.7776	196
59.1465	189
59.5153	224
59.8841	248
60.2529	244
60.6217	265
60.9905	279
61.3578	330
61.7265	398
62.0953	476
62.464	650
62.8326	870
63.2013	1172
63.5699	1268
63.9386	1181
64.3057	884
64.6743	688
65.0429	529
65.4114	373
65.78	324
66.1485	260
66.517	234
66.884	204
67.2525	172
67.621	163
67.9894	143
68.3578	155
68.7248	157
69.0931	148
69.4615	133
69.8299	139
70.1982	143
70.565	151
70.9333	151
71.3016	148
71.6699	146
72.0381	142
72.4049	154
72.7731	175
73.1413	209
73.5094	224
73.8762	295
74.2443	342
74.6124	334
74.9805	258
75.3471	220
75.7152	190
76.0832	150
76.4513	143
76.8178	138
77.1858	151
77.5538	115
77.9203	133
78.2883	125
78.6562	120
79.0241	119
79.3905	143
79.7584	122
80.1262	117
80.4926	119
80.8605	125
81.2282	112
81.5946	120
81.9624	111
82.3301	118
82.6964	118
83.0641	123
83.4318	114
83.798	126
84.1657	117
84.5319	122
84.8995	116
85.2671	119
85.6333	124
86.0008	133
86.3684	119
86.7345	137
87.102	135
87.468	128
87.8355	144
88.2016	120
88.569	137
88.9364	118
89.3024	121
89.6698	119
90.0357	127
90.4031	125
90.769	126
91.1363	123
91.5036	121
91.8695	124
92.2368	136
92.6026	124
92.9698	116
93.3356	136
93.7028	131
94.0685	134
94.4357	131
94.8014	142
95.1685	136
95.5342	148
95.9013	146
96.267	140
96.634	138
96.9996	128
97.3666	169
97.7322	237
98.0992	282
98.4647	217
98.8317	165
99.1972	117
99.5641	127
99.9296	124
100.296	127
100.662	142
101.027	128
101.394	138
101.76	141
102.126	125
102.492	135
102.858	124
103.224	138
103.589	136
103.956	137
104.321	141
104.688	135
105.053	142
105.418	133
105.785	130
106.15	136
106.515	129
106.882	146
107.247	131
107.613	127
107.978	132
108.343	140
108.71	133
109.075	126
109.44	138
109.806	129
110.171	138
110.536	131
110.903	132
111.268	137
111.633	133
111.999	139
112.364	121
112.729	116
113.093	112
113.46	128
113.825	141
114.189	119
114.555	113
114.92	108
115.285	123
115.65	107
116.016	106
116.381	116
116.745	104
117.11	114
117.476	117
117.841	120
118.205	110
118.57	100
118.936	115
119.3	120
119.665	113
120.029	100
120.394	121
120.76	124
121.124	95
121.489	114
121.853	107
122.217	105
122.583	107
122.948	115
123.312	108
123.676	100
124.041	116
124.406	105
124.771	111
125.135	108
125.499	110
125.863	101
126.228	108
126.592	102
126.957	115
127.322	110
127.686	116
128.05	111
128.414	112
128.778	111
129.142	116
129.506	115
129.87	107
130.236	109
130.6	118
130.964	111
131.328	117
131.692	114
132.056	122
132.419	120
132.783	125
133.147	109
133.511	117
133.875	111
134.239	114
134.603	108
134.966	118
135.33	106
135.694	111
136.058	116
136.421	122
136.785	122
137.149	108
137.514	125
137.878	116
138.241	119
138.603	115
138.967	106
139.331	118
139.694	113
140.058	117
140.421	110
140.785	110
141.148	114
141.512	116
141.875	115
142.239	111
142.602	120
142.966	128
143.329	117
143.692	114
144.056	120
144.419	116
144.782	101
145.146	112
145.509	129
145.871	124
146.234	112
146.597	112
146.961	118
147.324	111
147.687	106
148.05	117
148.413	118
148.777	115
149.138	121
149.501	115
149.864	114
150.228	120
150.591	128
150.954	110
151.317	112
151.678	118
152.041	124
152.404	123
152.767	124
153.13	119
153.492	124
153.854	128
154.217	142
154.58	161
154.943	162
155.304	170
155.667	200
156.03	216
156.393	240
156.756	264
157.117	312
157.48	303
157.842	256
158.205	233
158.566	210
158.929	175
159.292	168
159.654	151
160.015	140
160.378	132
160.741	136
161.103	128
161.464	128
161.827	124
162.189	124
162.55	124
162.913	122
163.275	129
163.638	115
163.999	121
164.361	121
164.724	109
165.085	117
165.447	114
165.809	113
166.17	114
166.532	112
166.895	113
167.256	117
167.618	115
167.979	117
168.341	110
168.703	117
169.064	115
169.426	115
169.788	121
170.149	125
170.511	123
170.872	116
171.234	115
171.596	117
171.956	123
172.318	124
172.679	116
173.041	120
173.401	129
173.763	115
174.125	123
174.486	117
174.848	116
175.208	125
175.57	122
175.931	120
176.292	123
176.653	131
177.015	125
177.375	117
177.737	130
178.098	118
178.459	122
178.821	125
179.181	130
179.542	119
179.903	125
180.264	136
180.625	136
180.985	118
181.346	127
181.707	127
182.068	146
182.428	140
182.79	147
183.15	140
183.511	143
183.871	138
184.233	133
184.593	163
184.953	160
185.314	163
185.674	161
186.036	173
186.396	160
186.757	159
187.117	153
187.477	142
187.838	160
188.198	154
188.559	156
188.919	151
189.279	152
189.64	136
190	151
190.359	153
190.721	141
191.08	128
191.44	137
191.801	145
192.161	131
192.52	118
192.882	137
193.241	128
193.601	122
193.962	126
194.321	122
194.681	122
195.042	127
195.401	122
195.761	118
196.122	116
196.481	111
196.841	118
197.2	113
197.561	120
197.92	118
198.28	118
198.639	117
199	124
199.359	125
199.718	105
200.078	112
200.438	118
200.798	114
201.157	117
201.516	110
201.877	108
202.236	113
202.595	113
202.954	115
203.313	109
203.674	107
204.033	117
204.392	109
204.751	112
205.11	106
205.471	105
205.83	113
206.189	113
206.548	107
206.907	126
207.266	126
207.626	109
207.985	124
208.344	115
208.703	121
209.062	124
209.42	120
209.779	122
210.138	122
210.498	126
210.857	123
211.216	125
211.575	129
211.933	128
212.292	123
212.651	137
213.01	130
213.368	115
213.727	128
214.085	116
214.444	126
214.804	120
215.163	124
215.521	135
215.88	114
216.238	124
216.597	121
216.955	114
217.314	123
217.672	125
218.031	108
218.389	124
218.748	124
219.106	111
219.464	118
219.823	122
220.181	120
220.539	118
220.898	123
221.256	124
221.614	126
221.973	121
222.331	129
222.689	130
223.047	142
223.405	136
223.762	132
224.12	148
224.479	131
224.837	133
225.195	142
225.553	140
225.911	148
226.269	142
226.627	147
226.985	144
227.343	137
227.701	149
228.058	147
228.416	156
228.773	170
229.131	166
229.489	185
229.847	169
230.205	183
230.563	170
230.919	204
231.277	207
231.635	193
231.993	212
232.351	185
232.708	201
233.065	201
233.422	211
233.78	224
234.138	236
234.495	228
234.852	238
235.209	247
235.567	244
235.925	262
236.282	259
236.638	260
236.996	274
237.353	259
237.711	285
238.067	286
238.425	287
238.782	289
239.139	288
239.495	294
239.853	291
240.21	283
240.568	311
240.924	305
241.281	276
241.638	260
241.996	272
242.352	274
242.709	263
243.066	267
243.422	261
243.779	252
244.136	239
244.492	228
244.849	230
245.207	217
245.562	213
245.919	206
246.277	211
246.632	195
246.989	182
247.346	210
247.702	206
248.059	197
248.416	196
248.772	195
249.129	178
249.484	186
249.841	192
250.198	183
250.554	178
250.911	183
251.266	179
251.623	184
251.98	181
252.335	161
252.692	180
253.047	183
253.404	161
253.76	169
254.116	182
254.473	188
254.828	180
255.185	179
255.54	153
255.897	160
256.252	160
256.609	180
256.964	167
257.321	178
257.676	179
258.032	174
258.388	162
258.744	169
259.099	163
259.456	166
259.811	185
260.167	170
260.522	169
260.879	168
261.234	176
261.59	168
261.945	166
262.301	171
262.656	194
263.011	174
263.368	160
263.723	165
264.079	175
264.434	178
264.79	181
265.145	160
265.5	171
265.856	167
266.211	169
266.567	163
266.921	166
267.276	152
267.632	182
267.987	153
268.342	160
268.698	152
269.052	155
269.408	163
269.763	160
270.118	142
270.474	141
270.828	139
271.183	164
271.539	140
271.893	143
272.248	135
272.604	137
272.958	150
273.312	135
273.667	126
274.023	139
274.377	139
274.731	137
275.087	135
275.442	139
275.796	129
276.15	137
276.506	132
276.86	129
277.214	122
277.569	121
277.924	139
278.279	139
278.633	132
278.987	132
279.342	134
279.697	137
280.051	129
280.405	137
280.759	131
281.114	128
281.469	136
281.823	126
282.177	132
282.531	134
282.886	138
283.24	126
283.594	136
283.948	133
284.302	121
284.656	124
285.011	137
285.365	122
285.719	146
286.073	140
286.427	135
286.78	140
287.134	143
287.489	144
287.843	149
288.197	143
288.551	145
288.904	141
289.258	147
289.612	155
289.965	146
290.319	153
290.673	161
291.026	161
291.381	169
291.735	150
292.088	179
292.442	172
292.795	163
293.149	183
293.503	187
293.856	172
294.209	187
294.563	169
294.916	188
295.27	193
295.623	204
295.977	184
296.33	205
296.683	181
297.037	190
297.39	210
297.743	217
298.097	196
298.45	203
298.803	203
299.156	203
299.51	223
299.863	209
300.216	234
300.569	257
300.922	243
301.275	252
301.627	256
301.98	273
302.333	273
302.686	286
303.039	297
303.392	308
303.746	317
304.099	349
304.452	328
304.804	360
305.156	389
305.509	398
305.862	484
306.215	467
306.568	506
306.921	571
307.273	591
307.626	666
307.978	698
308.331	772
308.683	839
309.036	851
309.389	994
309.742	1101
310.093	1189
310.446	1290
310.798	1352
311.151	1399
311.504	1449
311.855	1439
312.208	1440
312.56	1359
312.913	1260
313.265	1284
313.617	1147
313.969	1082
314.322	1068
314.674	1026
315.025	933
315.378	921
315.73	889
316.083	868
316.434	820
316.786	840
317.138	797
317.489	754
317.842	762
318.194	671
318.547	649
318.897	615
319.25	567
319.602	561
319.953	512
320.305	506
320.657	460
321.008	444
321.36	414
321.713	349
322.063	350
322.416	330
322.768	350
323.118	290
323.471	270
323.823	281
324.173	282
324.525	268
324.876	255
325.228	239
325.58	221
325.931	216
326.283	214
326.633	224
326.985	207
327.337	221
327.688	188
328.039	206
328.39	182
328.742	191
329.094	187
329.444	193
329.796	187
330.146	164
330.498	177
330.848	171
331.2	165
331.551	184
331.902	169
332.253	165
332.604	181
332.954	163
333.306	170
333.656	167
334.008	186
334.358	160
334.71	149
335.06	162
335.411	164
335.762	161
336.113	145
