39.5698	142
39.941	137
40.3108	144
40.6805	136
41.0503	133
41.42	134
41.7897	118
42.1593	131
42.529	128
42.9001	119
43.2697	132
43.6393	127
44.0089	132
44.3784	127
44.748	127
45.1175	129
45.487	126
45.8565	128
46.226	142
46.5955	130
46.9649	138
47.3343	136
47.7052	131
48.0746	133
48.4439	146
48.8133	175
49.1826	150
49.5519	137
49.9212	130
50.2905	133
50.6598	143
51.029	166
51.3982	159
51.7675	180
52.1366	218
52.5058	231
52.875	341
53.2441	440
53.6132	584
53.9823	558
54.3514	479
54.7205	370
55.0895	394
55.4586	512
55.8276	497
56.1966	359
56.5641	247
56.9331	228
57.302	211
57.671	210
58.0399	218
58.4088	271
58.7776	304
59.1465	415
59.5153	577
59.8841	633
60.2529	552
60.6217	462
60.9905	414
61.3578	446
61.7265	545
62.0953	661
62.464	892
62.8326	1117
63.2013	1326
63.5699	1223
63.9386	989
64.3057	840
64.6743	661
65.0429	640
65.4114	568
65.78	474
66.1485	397
66.517	277
66.884	230
67.2525	192
67.621	188
67.9894	167
68.3578	159
68.7248	163
69.0931	144
69.4615	144
69.8299	138
70.1982	143
70.565	146
70.9333	155
71.3016	141
71.6699	155
72.0381	162
72.4049	162
72.7731	180
73.1413	213
73.5094	239
73.8762	271
74.2443	280
74.6124	230
74.9805	224
75.3471	160
75.7152	159
76.0832	132
76.4513	126
76.8178	111
77.1858	129
77.5538	117
77.9203	118
78.2883	122
78.6562	132
79.0241	121
79.3905	115
79.7584	114
80.1262	114
80.4926	118
80.8605	113
81.2282	112
81.5946	109
81.9624	108
82.3301	120
82.6964	114
83.0641	115
83.4318	114
83.798	126
84.1657	115
84.5319	115
84.8995	118
85.2671	114
85.6333	115
86.0008	111
86.3684	140
86.7345	137
87.102	131
87.468	119
87.8355	121
88.2016	133
88.569	136
88.9364	130
89.3024	148
89.6698	159
90.0357	162
90.4031	165
90.769	145
91.1363	145
91.5036	133
91.8695	130
92.2368	128
92.6026	119
92.9698	126
93.3356	115
93.7028	122
94.0685	119
94.4357	124
94.8014	131
95.1685	137
95.5342	118
95.9013	131
96.267	114
96.634	117
96.9996	120
97.3666	147
97.7322	201
98.0992	166
98.4647	155
98.8317	119
99.1972	117
99.5641	123
99.9296	114
100.296	118
100.662	121
101.027	110
101.394	130
101.76	126
102.126	116
102.492	118
102.858	125
103.224	119
103.589	117
103.956	112
104.321	126
104.688	129
105.053	119
105.418	120
105.785	127
106.15	123
106.515	123
106.882	126
107.247	119
107.613	126
107.978	114
108.343	117
108.71	124
109.075	132
109.44	130
109.806	124
110.171	125
110.536	127
110.903	126
111.268	134
111.633	123
111.999	119
112.364	124
112.729	120
113.093	123
113.46	-12
113.825	108
114.189	122
114.555	111
114.92	102
115.285	109
115.65	107
116.016	101
116.381	110
116.745	112
117.11	112
117.476	110
117.841	114
118.205	105
118.57	106
118.936	121
119.3	110
119.665	115
120.029	107
120.394	119
120.76	108
121.124	112
121.489	122
121.853	102
122.217	100
122.583	98
122.948	110
123.312	107
123.676	109
124.041	113
124.406	103
124.771	115
125.135	108
125.499	108
125.863	115
126.228	114
126.592	115
126.957	98
127.322	112
127.686	108
128.05	114
128.414	112
128.778	107
129.142	114
129.506	106
129.87	114
130.236	107
130.6	117
130.964	116
131.328	115
131.692	112
132.056	112
132.419	109
132.783	115
133.147	105
133.511	117
133.875	117
134.239	115
134.603	125
134.966	97
135.33	110
135.694	112
136.058	112
136.421	116
136.785	102
137.149	104
137.514	120
137.878	113
138.241	124
138.603	109
138.967	110
139.331	117
139.694	115
140.058	111
140.421	114
140.785	113
141.148	112
141.512	114
141.875	113
142.239	113
142.602	111
142.966	112
143.329	109
143.692	121
144.056	106
144.419	102
144.782	117
145.146	109
145.509	116
145.871	118
146.234	110
146.597	113
146.961	112
147.324	111
147.687	117
148.05	119
148.413	109
148.777	115
149.138	107
149.501	114
149.864	125
150.228	125
150.591	118
150.954	120
151.317	115
151.678	112
152.041	119
152.404	119
152.767	124
153.13	136
153.492	127
153.854	144
154.217	148
154.58	148
154.943	157
155.304	169
155.667	177
156.03	200
156.393	218
156.756	229
157.117	233
157.48	221
157.842	208
158.205	173
158.566	175
158.929	162
159.292	143
159.654	133
160.015	125
160.378	136
160.741	129
161.103	122
161.464	127
161.827	136
162.189	126
162.55	112
162.913	129
163.275	125
163.638	121
163.999	121
164.361	118
164.724	123
165.085	140
165.447	118
165.809	124
166.17	127
166.532	125
166.895	124
167.256	127
167.618	137
167.979	125
168.341	124
168.703	120
169.064	121
169.426	123
169.788	120
170.149	126
170.511	123
170.872	124
171.234	134
171.596	123
171.956	120
172.318	127
172.679	139
173.041	136
173.401	145
173.763	142
174.125	135
174.486	146
174.848	126
175.208	142
175.57	150
175.931	164
176.292	154
176.653	145
177.015	149
177.375	156
177.737	159
178.098	152
178.459	163
178.821	160
179.181	156
179.542	157
179.903	163
180.264	167
180.625	174
180.985	170
181.346	192
181.707	199
182.068	182
182.428	213
182.79	216
183.15	227
183.511	235
183.871	232
184.233	234
184.593	248
184.953	244
185.314	260
185.674	255
186.036	245
186.396	251
186.757	252
187.117	255
187.477	252
187.838	261
188.198	252
188.559	259
188.919	246
189.279	214
189.64	222
190	221
190.359	198
190.721	198
191.08	181
191.44	203
191.801	192
192.161	174
192.52	174
192.882	184
193.241	165
193.601	158
193.962	159
194.321	153
194.681	157
195.042	149
195.401	149
195.761	156
196.122	151
196.481	151
196.841	149
197.2	140
197.561	142
197.92	143
198.28	142
198.639	139
199	138
199.359	142
199.718	131
200.078	137
200.438	127
200.798	140
201.157	123
201.516	124
201.877	140
202.236	130
202.595	128
202.954	138
203.313	138
203.674	129
204.033	132
204.392	128
204.751	131
205.11	131
205.471	135
205.83	131
206.189	140
206.548	141
206.907	119
207.266	122
207.626	120
207.985	133
208.344	129
208.703	129
209.062	141
209.42	148
209.779	126
210.138	145
210.498	145
210.857	150
211.216	134
211.575	144
211.933	143
212.292	145
212.651	140
213.01	144
213.368	131
213.727	141
214.085	135
214.444	128
214.804	142
215.163	143
215.521	145
215.88	139
216.238	123
216.597	146
216.955	132
217.314	140
217.672	124
218.031	135
218.389	140
218.748	134
219.106	129
219.464	141
219.823	138
220.181	136
220.539	143
220.898	138
221.256	138
221.614	143
221.973	161
222.331	153
222.689	155
223.047	147
223.405	148
223.762	162
224.12	156
224.479	146
224.837	159
225.195	160
225.553	168
225.911	174
226.269	166
226.627	191
226.985	182
227.343	185
227.701	192
228.058	193
228.416	188
228.773	192
229.131	221
229.489	188
229.847	210
230.205	216
230.563	217
230.919	222
231.277	224
231.635	238
231.993	219
232.351	236
232.708	242
233.065	242
233.422	237
233.78	243
234.138	274
234.495	268
234.852	254
235.209	274
235.567	284
235.925	293
236.282	288
236.638	281
236.996	305
237.353	319
237.711	301
238.067	320
238.425	312
238.782	310
239.139	302
239.495	333
239.853	291
240.21	324
240.568	303
240.924	306
241.281	306
241.638	277
241.996	285
242.352	289
242.709	261
243.066	272
243.422	242
243.779	261
244.136	267
244.492	241
244.849	241
245.207	245
245.562	228
245.919	216
246.277	222
246.632	239
246.989	212
247.346	199
247.702	206
248.059	203
248.416	202
248.772	192
249.129	201
249.484	204
249.841	196
250.198	178
250.554	201
250.911	202
251.266	183
251.623	192
251.98	187
252.335	201
252.692	193
253.047	195
253.404	188
253.76	190
254.116	193
254.473	191
254.828	199
255.185	208
255.54	190
255.897	193
256.252	192
256.609	181
256.964	198
257.321	199
257.676	188
258.032	178
258.388	185
258.744	180
259.099	196
259.456	182
259.811	168
260.167	166
260.522	175
260.879	169
261.234	180
261.59	178
261.945	161
262.301	171
262.656	173
263.011	162
263.368	169
263.723	158
264.079	181
264.434	172
264.79	147
265.145	172
265.5	147
265.856	161
266.211	167
266.567	161
266.921	146
267.276	157
267.632	162
267.987	164
268.342	151
268.698	147
269.052	148
269.408	138
269.763	144
270.118	137
270.474	150
270.828	138
271.183	139
271.539	134
271.893	138
272.248	152
272.604	146
272.958	135
273.312	152
273.667	141
274.023	140
274.377	123
274.731	140
275.087	134
275.442	138
275.796	144
276.15	141
276.506	140
276.86	134
277.214	140
277.569	137
277.924	152
278.279	139
278.633	124
278.987	141
279.342	134
279.697	138
280.051	147
280.405	124
280.759	146
281.114	137
281.469	139
281.823	139
282.177	142
282.531	128
282.886	150
283.24	144
283.594	122
283.948	155
284.302	148
284.656	144
285.011	156
285.365	157
285.719	150
286.073	148
286.427	168
286.78	163
287.134	155
287.489	169
287.843	152
288.197	163
288.551	174
288.904	172
289.258	164
289.612	166
289.965	183
290.319	179
290.673	188
291.026	200
291.381	188
291.735	196
292.088	210
292.442	198
292.795	207
293.149	207
293.503	212
293.856	196
294.209	221
294.563	217
294.916	233
295.27	231
295.623	225
295.977	223
296.33	211
296.683	218
297.037	243
297.39	230
297.743	250
298.097	239
298.45	258
298.803	252
299.156	252
299.51	266
299.863	259
300.216	276
300.569	274
300.922	281
301.275	295
301.627	306
301.98	334
302.333	328
302.686	326
303.039	340
303.392	377
303.746	351
304.099	384
304.452	445
304.804	435
305.156	446
305.509	503
305.862	533
306.215	583
306.568	626
306.921	646
307.273	721
307.626	805
307.978	871
308.331	955
308.683	1040
309.036	1105
309.389	1212
309.742	1330
310.093	1401
310.446	1489
310.798	1537
311.151	1587
311.504	1503
311.855	1514
312.208	1444
312.56	1320
312.913	1253
313.265	1136
313.617	1079
313.969	1029
314.322	935
314.674	896
315.025	836
315.378	804
315.73	749
316.083	696
316.434	633
316.786	630
317.138	612
317.489	565
317.842	535
318.194	513
318.547	505
318.897	470
319.25	445
319.602	381
319.953	387
320.305	382
320.657	340
321.008	341
321.36	331
321.713	317
322.063	309
322.416	293
322.768	273
323.118	266
323.471	284
323.823	240
324.173	254
324.525	238
324.876	230
325.228	221
325.58	220
325.931	209
326.283	201
326.633	204
326.985	214
327.337	212
327.688	199
328.039	203
328.39	191
328.742	194
329.094	189
329.444	188
329.796	193
330.146	170
330.498	197
330.848	176
331.2	165
331.551	169
331.902	167
332.253	169
332.604	165
332.954	169
333.306	166
333.656	169
334.008	161
334.358	163
334.71	160
335.06	151
335.411	158
335.762	164
336.113	158
