39.5698	148.5
39.941	153.5
40.3108	134.5
40.6805	139.5
41.0503	128.5
41.42	128.5
41.7897	138.5
42.1593	132.5
42.529	131.5
42.9001	139.5
43.2697	133.5
43.6393	128.5
44.0089	143.5
44.3784	131.5
44.748	131.5
45.1175	123.5
45.487	135.5
45.8565	140.5
46.226	122.5
46.5955	130.5
46.9649	127.5
47.3343	132.5
47.7052	132.5
48.0746	138.5
48.4439	160.5
48.8133	210.5
49.1826	169.5
49.5519	136.5
49.9212	133.5
50.2905	144.5
50.6598	140.5
51.029	126.5
51.3982	141.5
51.7675	142.5
52.1366	158.5
52.5058	166.5
52.875	191.5
53.2441	230.5
53.6132	274.5
53.9823	277.5
54.3514	250.5
54.7205	278.5
55.0895	373.5
55.4586	623.5
55.8276	712.5
56.1966	496.5
56.5641	295.5
56.9331	226.5
57.302	231.5
57.671	225.5
58.0399	218.5
58.4088	223.5
58.7776	270.5
59.1465	367.5
59.5153	505.5
59.8841	597.5
60.2529	590.5
60.6217	468.5
60.9905	426.5
61.3578	442.5
61.7265	529.5
62.0953	665.5
62.464	927.5
62.8326	1250.5
63.2013	1557.5
63.5699	1565.5
63.9386	1417.5
64.3057	1095.5
64.6743	811.5
65.0429	688.5
65.4114	633.5
65.78	537.5
66.1485	415.5
66.517	309.5
66.884	266.5
67.2525	216.5
67.621	185.5
67.9894	190.5
68.3578	180.5
68.7248	157.5
69.0931	165.5
69.4615	136.5
69.8299	151.5
70.1982	151.5
70.565	150.5
70.9333	147.5
71.3016	159.5
71.6699	160.5
72.0381	162.5
72.4049	194.5
72.7731	216.5
73.1413	234.5
73.5094	331.5
73.8762	417.5
74.2443	459.5
74.6124	406.5
74.9805	306.5
75.3471	228.5
75.7152	184.5
76.0832	165.5
76.4513	143.5
76.8178	140.5
77.1858	139.5
77.5538	133.5
77.9203	139.5
78.2883	124.5
78.6562	131.5
79.0241	118.5
79.3905	117.5
79.7584	110.5
80.1262	113.5
80.4926	121.5
80.8605	123.5
81.2282	112.5
81.5946	106.5
81.9624	115.5
82.3301	114.5
82.6964	109.5
83.0641	123.5
83.4318	113.5
83.798	114.5
84.1657	103.5
84.5319	114.5
84.8995	116.5
85.2671	114.5
85.6333	121.5
86.0008	119.5
86.3684	115.5
86.7345	116.5
87.102	119.5
87.468	123.5
87.8355	115.5
88.2016	123.5
88.569	132.5
88.9364	130.5
89.3024	131.5
89.6698	136.5
90.0357	150.5
90.4031	149.5
90.769	153.5
91.1363	148.5
91.5036	130.5
91.8695	118.5
92.2368	117.5
92.6026	109.5
92.9698	125.5
93.3356	119.5
93.7028	113.5
94.0685	108.5
94.4357	116.5
94.8014	118.5
95.1685	120.5
95.5342	118.5
95.9013	130.5
96.267	120.5
96.634	117.5
96.9996	114.5
97.3666	161.5
97.7322	239.5
98.0992	206.5
98.4647	165.5
98.8317	130.5
99.1972	102.5
99.5641	114.5
99.9296	122.5
100.296	113.5
100.662	107.5
101.027	110.5
101.394	123.5
101.76	115.5
102.126	114.5
102.492	118.5
102.858	118.5
103.224	102.5
103.589	121.5
103.956	114.5
104.321	99.5
104.688	121.5
105.053	108.5
105.418	118.5
105.785	121.5
106.15	114.5
106.515	119.5
106.882	113.5
107.247	119.5
107.613	118.5
107.978	121.5
108.343	119.5
108.71	118.5
109.075	110.5
109.44	123.5
109.806	118.5
110.171	131.5
110.536	116.5
110.903	121.5
111.268	120.5
111.633	112.5
111.999	107.5
112.364	111.5
112.729	107.5
113.093	100.5
113.46	113.5
113.825	105.5
114.189	107.5
114.555	106.5
114.92	114.5
115.285	110.5
115.65	112.5
116.016	110.5
116.381	105.5
116.745	111.5
117.11	101.5
117.476	113.5
117.841	92.5
118.205	104.5
118.57	117.5
118.936	106.5
119.3	112.5
119.665	108.5
120.029	105.5
120.394	105.5
120.76	118.5
121.124	107.5
121.489	104.5
121.853	106.5
122.217	99.5
122.583	114.5
122.948	109.5
123.312	107.5
123.676	112.5
124.041	109.5
124.406	106.5
124.771	113.5
125.135	107.5
125.499	118.5
125.863	114.5
126.228	108.5
126.592	101.5
126.957	104.5
127.322	96.5
127.686	103.5
128.05	99.5
128.414	109.5
128.778	117.5
129.142	111.5
129.506	110.5
129.87	115.5
130.236	104.5
130.6	112.5
130.964	105.5
131.328	104.5
131.692	111.5
132.056	114.5
132.419	109.5
132.783	107.5
133.147	116.5
133.511	111.5
133.875	108.5
134.239	112.5
134.603	104.5
134.966	110.5
135.33	112.5
135.694	111.5
136.058	106.5
136.421	113.5
136.785	108.5
137.149	110.5
137.514	108.5
137.878	111.5
138.241	106.5
138.603	112.5
138.967	105.5
139.331	108.5
139.694	116.5
140.058	114.5
140.421	106.5
140.785	105.5
141.148	99.5
141.512	113.5
141.875	110.5
142.239	101.5
142.602	108.5
142.966	107.5
143.329	113.5
143.692	103.5
144.056	103.5
144.419	102.5
144.782	104.5
145.146	109.5
145.509	100.5
145.871	102.5
146.234	111.5
146.597	112.5
146.961	105.5
147.324	109.5
147.687	107.5
148.05	112.5
148.413	104.5
148.777	110.5
149.138	107.5
149.501	113.5
149.864	107.5
150.228	111.5
150.591	99.5
150.954	110.5
151.317	104.5
151.678	101.5
152.041	104.5
152.404	107.5
152.767	111.5
153.13	114.5
153.492	104.5
153.854	102.5
154.217	110.5
154.58	104.5
154.943	105.5
155.304	111.5
155.667	124.5
156.03	123.5
156.393	123.5
156.756	131.5
157.117	120.5
157.48	120.5
157.842	114.5
158.205	118.5
158.566	123.5
158.929	120.5
159.292	103.5
159.654	112.5
160.015	105.5
160.378	115.5
160.741	106.5
161.103	104.5
161.464	99.5
161.827	107.5
162.189	109.5
162.55	107.5
162.913	113.5
163.275	115.5
163.638	107.5
163.999	106.5
164.361	107.5
164.724	114.5
165.085	108.5
165.447	107.5
165.809	101.5
166.17	109.5
166.532	104.5
166.895	104.5
167.256	110.5
167.618	108.5
167.979	107.5
168.341	112.5
168.703	106.5
169.064	108.5
169.426	110.5
169.788	110.5
170.149	122.5
170.511	107.5
170.872	128.5
171.234	112.5
171.596	122.5
171.956	120.5
172.318	114.5
172.679	118.5
173.041	117.5
173.401	127.5
173.763	118.5
174.125	118.5
174.486	108.5
174.848	117.5
175.208	123.5
175.57	102.5
175.931	122.5
176.292	124.5
176.653	123.5
177.015	130.5
177.375	123.5
177.737	128.5
178.098	129.5
178.459	132.5
178.821	129.5
179.181	137.5
179.542	131.5
179.903	145.5
180.264	137.5
180.625	140.5
180.985	138.5
181.346	132.5
181.707	147.5
182.068	133.5
182.428	153.5
182.79	136.5
183.15	164.5
183.511	179.5
183.871	178.5
184.233	178.5
184.593	170.5
184.953	185.5
185.314	174.5
185.674	196.5
186.036	195.5
186.396	193.5
186.757	209.5
187.117	186.5
187.477	194.5
187.838	182.5
188.198	181.5
188.559	194.5
188.919	187.5
189.279	157.5
189.64	166.5
190	155.5
190.359	161.5
190.721	162.5
191.08	169.5
191.44	145.5
191.801	145.5
192.161	152.5
192.52	140.5
192.882	143.5
193.241	163.5
193.601	137.5
193.962	135.5
194.321	141.5
194.681	138.5
195.042	133.5
195.401	137.5
195.761	131.5
196.122	131.5
196.481	130.5
196.841	129.5
197.2	132.5
197.561	144.5
197.92	139.5
198.28	131.5
198.639	135.5
199	125.5
199.359	141.5
199.718	125.5
200.078	125.5
200.438	125.5
200.798	126.5
201.157	127.5
201.516	132.5
201.877	130.5
202.236	125.5
202.595	129.5
202.954	122.5
203.313	126.5
203.674	125.5
204.033	131.5
204.392	126.5
204.751	117.5
205.11	122.5
205.471	123.5
205.83	122.5
206.189	122.5
206.548	128.5
206.907	123.5
207.266	125.5
207.626	126.5
207.985	134.5
208.344	138.5
208.703	128.5
209.062	142.5
209.42	135.5
209.779	135.5
210.138	143.5
210.498	147.5
210.857	161.5
211.216	150.5
211.575	153.5
211.933	158.5
212.292	157.5
212.651	154.5
213.01	143.5
213.368	153.5
213.727	132.5
214.085	138.5
214.444	140.5
214.804	132.5
215.163	130.5
215.521	141.5
215.88	115.5
216.238	128.5
216.597	121.5
216.955	115.5
217.314	125.5
217.672	116.5
218.031	116.5
218.389	129.5
218.748	119.5
219.106	112.5
219.464	119.5
219.823	129.5
220.181	117.5
220.539	116.5
220.898	115.5
221.256	109.5
221.614	122.5
221.973	122.5
222.331	121.5
222.689	122.5
223.047	115.5
223.405	132.5
223.762	121.5
224.12	129.5
224.479	122.5
224.837	125.5
225.195	120.5
225.553	118.5
225.911	119.5
226.269	122.5
226.627	112.5
226.985	133.5
227.343	119.5
227.701	128.5
228.058	127.5
228.416	129.5
228.773	145.5
229.131	138.5
229.489	138.5
229.847	135.5
230.205	149.5
230.563	136.5
230.919	140.5
231.277	150.5
231.635	160.5
231.993	150.5
232.351	147.5
232.708	158.5
233.065	147.5
233.422	160.5
233.78	160.5
234.138	171.5
234.495	163.5
234.852	171.5
235.209	171.5
235.567	179.5
235.925	186.5
236.282	190.5
236.638	172.5
236.996	173.5
237.353	196.5
237.711	186.5
238.067	184.5
238.425	189.5
238.782	196.5
239.139	186.5
239.495	193.5
239.853	180.5
240.21	197.5
240.568	193.5
240.924	201.5
241.281	173.5
241.638	183.5
241.996	194.5
242.352	178.5
242.709	179.5
243.066	171.5
243.422	194.5
243.779	182.5
244.136	182.5
244.492	162.5
244.849	176.5
245.207	176.5
245.562	159.5
245.919	167.5
246.277	157.5
246.632	163.5
246.989	165.5
247.346	160.5
247.702	154.5
248.059	155.5
248.416	153.5
248.772	156.5
249.129	158.5
249.484	144.5
249.841	152.5
250.198	159.5
250.554	157.5
250.911	174.5
251.266	160.5
251.623	177.5
251.98	178.5
252.335	156.5
252.692	158.5
253.047	176.5
253.404	166.5
253.76	169.5
254.116	181.5
254.473	156.5
254.828	174.5
255.185	171.5
255.54	178.5
255.897	171.5
256.252	175.5
256.609	176.5
256.964	169.5
257.321	174.5
257.676	168.5
258.032	192.5
258.388	165.5
258.744	170.5
259.099	151.5
259.456	159.5
259.811	148.5
260.167	160.5
260.522	160.5
260.879	154.5
261.234	151.5
261.59	159.5
261.945	138.5
262.301	140.5
262.656	154.5
263.011	151.5
263.368	152.5
263.723	142.5
264.079	138.5
264.434	133.5
264.79	146.5
265.145	134.5
265.5	139.5
265.856	127.5
266.211	131.5
266.567	128.5
266.921	132.5
267.276	130.5
267.632	141.5
267.987	128.5
268.342	132.5
268.698	130.5
269.052	129.5
269.408	124.5
269.763	138.5
270.118	129.5
270.474	135.5
270.828	123.5
271.183	131.5
271.539	133.5
271.893	135.5
272.248	116.5
272.604	127.5
272.958	125.5
273.312	126.5
273.667	124.5
274.023	126.5
274.377	129.5
274.731	113.5
275.087	131.5
275.442	125.5
275.796	129.5
276.15	122.5
276.506	115.5
276.86	118.5
277.214	125.5
277.569	118.5
277.924	131.5
278.279	131.5
278.633	115.5
278.987	123.5
279.342	127.5
279.697	124.5
280.051	111.5
280.405	138.5
280.759	115.5
281.114	130.5
281.469	121.5
281.823	120.5
282.177	133.5
282.531	129.5
282.886	130.5
283.24	127.5
283.594	121.5
283.948	131.5
284.302	131.5
284.656	138.5
285.011	120.5
285.365	125.5
285.719	129.5
286.073	136.5
286.427	128.5
286.78	138.5
287.134	133.5
287.489	134.5
287.843	136.5
288.197	127.5
288.551	139.5
288.904	145.5
289.258	148.5
289.612	149.5
289.965	150.5
290.319	150.5
290.673	148.5
291.026	164.5
291.381	170.5
291.735	163.5
292.088	168.5
292.442	173.5
292.795	197.5
293.149	180.5
293.503	178.5
293.856	195.5
294.209	187.5
294.563	180.5
294.916	189.5
295.27	192.5
295.623	195.5
295.977	193.5
296.33	192.5
296.683	198.5
297.037	196.5
297.39	204.5
297.743	205.5
298.097	214.5
298.45	229.5
298.803	206.5
299.156	233.5
299.51	226.5
299.863	240.5
300.216	236.5
300.569	248.5
300.922	272.5
301.275	280.5
301.627	278.5
301.98	291.5
302.333	302.5
302.686	288.5
303.039	335.5
303.392	344.5
303.746	351.5
304.099	388.5
304.452	392.5
304.804	426.5
305.156	456.5
305.509	486.5
305.862	517.5
306.215	554.5
306.568	606.5
306.921	638.5
307.273	684.5
307.626	775.5
307.978	843.5
308.331	981.5
308.683	1046.5
309.036	1142.5
309.389	1273.5
309.742	1363.5
310.093	1454.5
310.446	1566.5
310.798	1607.5
311.151	1732.5
311.504	1725.5
311.855	1654.5
312.208	1638.5
312.56	1476.5
312.913	1465.5
313.265	1293.5
313.617	1179.5
313.969	1111.5
314.322	956.5
314.674	949.5
315.025	870.5
315.378	793.5
315.73	775.5
316.083	731.5
316.434	688.5
316.786	651.5
317.138	626.5
317.489	603.5
317.842	574.5
318.194	538.5
318.547	525.5
318.897	465.5
319.25	446.5
319.602	438.5
319.953	416.5
320.305	399.5
320.657	363.5
321.008	352.5
321.36	312.5
321.713	327.5
322.063	298.5
322.416	281.5
322.768	266.5
323.118	266.5
323.471	256.5
323.823	235.5
324.173	268.5
324.525	232.5
324.876	229.5
325.228	246.5
325.58	227.5
325.931	219.5
326.283	199.5
326.633	218.5
326.985	227.5
327.337	214.5
327.688	193.5
328.039	186.5
328.39	191.5
328.742	188.5
329.094	182.5
329.444	190.5
329.796	185.5
330.146	177.5
330.498	175.5
330.848	175.5
331.2	159.5
331.551	167.5
331.902	164.5
332.253	166.5
332.604	157.5
332.954	164.5
333.306	167.5
333.656	167.5
334.008	161.5
334.358	161.5
334.71	146.5
335.06	143.5
335.411	159.5
335.762	164.5
336.113	159.5
