39.5698	113.5
39.941	113.5
40.3108	109.5
40.6805	120.5
41.0503	112.5
41.42	111.5
41.7897	107.5
42.1593	97.5
42.529	106.5
42.9001	95.5
43.2697	99.5
43.6393	108.5
44.0089	111.5
44.3784	105.5
44.748	105.5
45.1175	98.5
45.487	98.5
45.8565	104.5
46.226	108.5
46.5955	119.5
46.9649	107.5
47.3343	113.5
47.7052	103.5
48.0746	97.5
48.4439	111.5
48.8133	127.5
49.1826	126.5
49.5519	111.5
49.9212	112.5
50.2905	123.5
50.6598	120.5
51.029	143.5
51.3982	150.5
51.7675	172.5
52.1366	206.5
52.5058	215.5
52.875	302.5
53.2441	436.5
53.6132	536.5
53.9823	593.5
54.3514	479.5
54.7205	524.5
55.0895	729.5
55.4586	1247.5
55.8276	1231.5
56.1966	747.5
56.5641	346.5
56.9331	221.5
57.302	176.5
57.671	161.5
58.0399	145.5
58.4088	144.5
58.7776	155.5
59.1465	185.5
59.5153	223.5
59.8841	266.5
60.2529	269.5
60.6217	223.5
60.9905	174.5
61.3578	163.5
61.7265	156.5
62.0953	143.5
62.464	168.5
62.8326	201.5
63.2013	187.5
63.5699	204.5
63.9386	180.5
64.3057	160.5
64.6743	160.5
65.0429	180.5
65.4114	184.5
65.78	149.5
66.1485	151.5
66.517	120.5
66.884	105.5
67.2525	117.5
67.621	106.5
67.9894	98.5
68.3578	102.5
68.7248	94.5
69.0931	98.5
69.4615	98.5
69.8299	95.5
70.1982	96.5
70.565	100.5
70.9333	110.5
71.3016	100.5
71.6699	97.5
72.0381	96.5
72.4049	99.5
72.7731	104.5
73.1413	96.5
73.5094	117.5
73.8762	116.5
74.2443	110.5
74.6124	120.5
74.9805	116.5
75.3471	100.5
75.7152	98.5
76.0832	98.5
76.4513	96.5
76.8178	92.5
77.1858	95.5
77.5538	96.5
77.9203	97.5
78.2883	96.5
78.6562	102.5
79.0241	97.5
79.3905	102.5
79.7584	88.5
80.1262	92.5
80.4926	95.5
80.8605	93.5
81.2282	94.5
81.5946	94.5
81.9624	96.5
82.3301	95.5
82.6964	103.5
83.0641	87.5
83.4318	95.5
83.798	99.5
84.1657	94.5
84.5319	93.5
84.8995	96.5
85.2671	98.5
85.6333	92.5
86.0008	92.5
86.3684	110.5
86.7345	105.5
87.102	95.5
87.468	101.5
87.8355	97.5
88.2016	100.5
88.569	102.5
88.9364	97.5
89.3024	99.5
89.6698	103.5
90.0357	102.5
90.4031	98.5
90.769	95.5
91.1363	92.5
91.5036	105.5
91.8695	95.5
92.2368	94.5
92.6026	91.5
92.9698	93.5
93.3356	94.5
93.7028	91.5
94.0685	89.5
94.4357	97.5
94.8014	91.5
95.1685	102.5
95.5342	96.5
95.9013	93.5
96.267	91.5
96.634	99.5
96.9996	90.5
97.3666	103.5
97.7322	134.5
98.0992	125.5
98.4647	103.5
98.8317	94.5
99.1972	88.5
99.5641	91.5
99.9296	89.5
100.296	91.5
100.662	95.5
101.027	94.5
101.394	96.5
101.76	100.5
102.126	99.5
102.492	96.5
102.858	98.5
103.224	92.5
103.589	95.5
103.956	92.5
104.321	91.5
104.688	99.5
105.053	97.5
105.418	95.5
105.785	90.5
106.15	99.5
106.515	93.5
106.882	94.5
107.247	109.5
107.613	98.5
107.978	95.5
108.343	94.5
108.71	94.5
109.075	97.5
109.44	91.5
109.806	106.5
110.171	98.5
110.536	109.5
110.903	96.5
111.268	97.5
111.633	100.5
111.999	100.5
112.364	104.5
112.729	96.5
113.093	90.5
113.46	97.5
113.825	92.5
114.189	98.5
114.555	101.5
114.92	90.5
115.285	95.5
115.65	89.5
116.016	101.5
116.381	88.5
116.745	101.5
117.11	99.5
117.476	86.5
117.841	84.5
118.205	98.5
118.57	95.5
118.936	93.5
119.3	89.5
119.665	98.5
120.029	93.5
120.394	90.5
120.76	102.5
121.124	105.5
121.489	97.5
121.853	94.5
122.217	96.5
122.583	86.5
122.948	97.5
123.312	91.5
123.676	93.5
124.041	92.5
124.406	100.5
124.771	93.5
125.135	88.5
125.499	88.5
125.863	93.5
126.228	92.5
126.592	100.5
126.957	90.5
127.322	95.5
127.686	97.5
128.05	98.5
128.414	86.5
128.778	100.5
129.142	99.5
129.506	101.5
129.87	90.5
130.236	95.5
130.6	96.5
130.964	91.5
131.328	95.5
131.692	95.5
132.056	95.5
132.419	100.5
132.783	97.5
133.147	96.5
133.511	92.5
133.875	100.5
134.239	98.5
134.603	100.5
134.966	101.5
135.33	94.5
135.694	94.5
136.058	95.5
136.421	99.5
136.785	92.5
137.149	92.5
137.514	104.5
137.878	88.5
138.241	100.5
138.603	97.5
138.967	93.5
139.331	99.5
139.694	99.5
140.058	99.5
140.421	90.5
140.785	96.5
141.148	95.5
141.512	88.5
141.875	87.5
142.239	91.5
142.602	105.5
142.966	99.5
143.329	102.5
143.692	95.5
144.056	92.5
144.419	96.5
144.782	97.5
145.146	95.5
145.509	99.5
145.871	95.5
146.234	103.5
146.597	103.5
146.961	102.5
147.324	101.5
147.687	89.5
148.05	94.5
148.413	91.5
148.777	107.5
149.138	95.5
149.501	97.5
149.864	108.5
150.228	104.5
150.591	98.5
150.954	108.5
151.317	103.5
151.678	100.5
152.041	105.5
152.404	102.5
152.767	95.5
153.13	118.5
153.492	100.5
153.854	105.5
154.217	119.5
154.58	121.5
154.943	128.5
155.304	139.5
155.667	157.5
156.03	166.5
156.393	179.5
156.756	181.5
157.117	171.5
157.48	165.5
157.842	149.5
158.205	140.5
158.566	129.5
158.929	131.5
159.292	112.5
159.654	118.5
160.015	120.5
160.378	112.5
160.741	106.5
161.103	110.5
161.464	104.5
161.827	108.5
162.189	101.5
162.55	91.5
162.913	103.5
163.275	94.5
163.638	96.5
163.999	104.5
164.361	105.5
164.724	96.5
165.085	94.5
165.447	99.5
165.809	100.5
166.17	103.5
166.532	110.5
166.895	108.5
167.256	109.5
167.618	106.5
167.979	107.5
168.341	97.5
168.703	104.5
169.064	93.5
169.426	102.5
169.788	102.5
170.149	92.5
170.511	101.5
170.872	99.5
171.234	102.5
171.596	107.5
171.956	109.5
172.318	111.5
172.679	101.5
173.041	99.5
173.401	108.5
173.763	113.5
174.125	99.5
174.486	105.5
174.848	99.5
175.208	105.5
175.57	96.5
175.931	102.5
176.292	112.5
176.653	101.5
177.015	104.5
177.375	116.5
177.737	110.5
178.098	106.5
178.459	108.5
178.821	112.5
179.181	104.5
179.542	109.5
179.903	114.5
180.264	111.5
180.625	102.5
180.985	107.5
181.346	111.5
181.707	116.5
182.068	108.5
182.428	124.5
182.79	118.5
183.15	118.5
183.511	127.5
183.871	135.5
184.233	129.5
184.593	124.5
184.953	141.5
185.314	126.5
185.674	125.5
186.036	137.5
186.396	134.5
186.757	126.5
187.117	144.5
187.477	142.5
187.838	124.5
188.198	126.5
188.559	147.5
188.919	137.5
189.279	132.5
189.64	128.5
190	136.5
190.359	123.5
190.721	142.5
191.08	126.5
191.44	129.5
191.801	136.5
192.161	136.5
192.52	139.5
192.882	143.5
193.241	120.5
193.601	135.5
193.962	128.5
194.321	137.5
194.681	120.5
195.042	135.5
195.401	127.5
195.761	131.5
196.122	118.5
196.481	127.5
196.841	127.5
197.2	120.5
197.561	121.5
197.92	126.5
198.28	120.5
198.639	111.5
199	114.5
199.359	124.5
199.718	130.5
200.078	132.5
200.438	119.5
200.798	129.5
201.157	127.5
201.516	125.5
201.877	122.5
202.236	121.5
202.595	120.5
202.954	126.5
203.313	118.5
203.674	123.5
204.033	131.5
204.392	130.5
204.751	125.5
205.11	132.5
205.471	138.5
205.83	131.5
206.189	148.5
206.548	138.5
206.907	140.5
207.266	154.5
207.626	148.5
207.985	141.5
208.344	164.5
208.703	156.5
209.062	163.5
209.42	164.5
209.779	168.5
210.138	166.5
210.498	166.5
210.857	182.5
211.216	193.5
211.575	178.5
211.933	192.5
212.292	200.5
212.651	171.5
213.01	180.5
213.368	163.5
213.727	167.5
214.085	136.5
214.444	150.5
214.804	137.5
215.163	149.5
215.521	134.5
215.88	139.5
216.238	134.5
216.597	133.5
216.955	108.5
217.314	125.5
217.672	112.5
218.031	126.5
218.389	124.5
218.748	126.5
219.106	117.5
219.464	118.5
219.823	121.5
220.181	124.5
220.539	118.5
220.898	109.5
221.256	121.5
221.614	115.5
221.973	109.5
222.331	114.5
222.689	112.5
223.047	114.5
223.405	110.5
223.762	118.5
224.12	117.5
224.479	119.5
224.837	118.5
225.195	118.5
225.553	119.5
225.911	122.5
226.269	126.5
226.627	128.5
226.985	129.5
227.343	130.5
227.701	129.5
228.058	129.5
228.416	122.5
228.773	119.5
229.131	139.5
229.489	125.5
229.847	135.5
230.205	129.5
230.563	145.5
230.919	142.5
231.277	128.5
231.635	143.5
231.993	140.5
232.351	153.5
232.708	139.5
233.065	153.5
233.422	151.5
233.78	145.5
234.138	137.5
234.495	144.5
234.852	150.5
235.209	147.5
235.567	148.5
235.925	150.5
236.282	147.5
236.638	165.5
236.996	161.5
237.353	157.5
237.711	162.5
238.067	152.5
238.425	158.5
238.782	149.5
239.139	151.5
239.495	160.5
239.853	163.5
240.21	170.5
240.568	167.5
240.924	160.5
241.281	156.5
241.638	149.5
241.996	153.5
242.352	152.5
242.709	151.5
243.066	143.5
243.422	155.5
243.779	156.5
244.136	166.5
244.492	150.5
244.849	138.5
245.207	158.5
245.562	147.5
245.919	144.5
246.277	147.5
246.632	143.5
246.989	151.5
247.346	147.5
247.702	151.5
248.059	149.5
248.416	145.5
248.772	151.5
249.129	156.5
249.484	163.5
249.841	166.5
250.198	159.5
250.554	177.5
250.911	151.5
251.266	171.5
251.623	164.5
251.98	191.5
252.335	168.5
252.692	183.5
253.047	184.5
253.404	180.5
253.76	174.5
254.116	191.5
254.473	173.5
254.828	192.5
255.185	203.5
255.54	184.5
255.897	195.5
256.252	183.5
256.609	187.5
256.964	189.5
257.321	182.5
257.676	159.5
258.032	178.5
258.388	169.5
258.744	161.5
259.099	162.5
259.456	147.5
259.811	138.5
260.167	157.5
260.522	136.5
260.879	151.5
261.234	144.5
261.59	151.5
261.945	134.5
262.301	149.5
262.656	143.5
263.011	130.5
263.368	142.5
263.723	139.5
264.079	132.5
264.434	130.5
264.79	139.5
265.145	126.5
265.5	136.5
265.856	125.5
266.211	138.5
266.567	129.5
266.921	137.5
267.276	127.5
267.632	129.5
267.987	117.5
268.342	124.5
268.698	113.5
269.052	128.5
269.408	120.5
269.763	118.5
270.118	121.5
270.474	122.5
270.828	116.5
271.183	113.5
271.539	114.5
271.893	111.5
272.248	114.5
272.604	110.5
272.958	119.5
273.312	123.5
273.667	114.5
274.023	117.5
274.377	119.5
274.731	109.5
275.087	112.5
275.442	116.5
275.796	111.5
276.15	123.5
276.506	106.5
276.86	108.5
277.214	115.5
277.569	103.5
277.924	115.5
278.279	117.5
278.633	125.5
278.987	104.5
279.342	112.5
279.697	113.5
280.051	99.5
280.405	108.5
280.759	111.5
281.114	115.5
281.469	109.5
281.823	106.5
282.177	106.5
282.531	105.5
282.886	111.5
283.24	113.5
283.594	105.5
283.948	114.5
284.302	113.5
284.656	112.5
285.011	99.5
285.365	108.5
285.719	113.5
286.073	105.5
286.427	116.5
286.78	106.5
287.134	117.5
287.489	113.5
287.843	112.5
288.197	117.5
288.551	116.5
288.904	108.5
289.258	100.5
289.612	108.5
289.965	108.5
290.319	127.5
290.673	125.5
291.026	111.5
291.381	109.5
291.735	111.5
292.088	105.5
292.442	126.5
292.795	116.5
293.149	128.5
293.503	108.5
293.856	112.5
294.209	113.5
294.563	116.5
294.916	118.5
295.27	130.5
295.623	112.5
295.977	128.5
296.33	125.5
296.683	119.5
297.037	123.5
297.39	110.5
297.743	95.5
298.097	122.5
298.45	113.5
298.803	111.5
299.156	111.5
299.51	115.5
299.863	127.5
300.216	122.5
300.569	116.5
300.922	114.5
301.275	119.5
301.627	118.5
301.98	123.5
302.333	136.5
302.686	123.5
303.039	127.5
303.392	139.5
303.746	131.5
304.099	124.5
304.452	146.5
304.804	123.5
305.156	140.5
305.509	138.5
305.862	126.5
306.215	141.5
306.568	156.5
306.921	146.5
307.273	158.5
307.626	167.5
307.978	183.5
308.331	166.5
308.683	191.5
309.036	177.5
309.389	211.5
309.742	184.5
310.093	218.5
310.446	227.5
310.798	231.5
311.151	237.5
311.504	218.5
311.855	212.5
312.208	228.5
312.56	218.5
312.913	196.5
313.265	206.5
313.617	188.5
313.969	196.5
314.322	186.5
314.674	182.5
315.025	170.5
315.378	174.5
315.73	177.5
316.083	178.5
316.434	172.5
316.786	175.5
317.138	158.5
317.489	165.5
317.842	164.5
318.194	156.5
318.547	139.5
318.897	126.5
319.25	133.5
319.602	146.5
319.953	133.5
320.305	133.5
320.657	132.5
321.008	133.5
321.36	128.5
321.713	138.5
322.063	124.5
322.416	118.5
322.768	129.5
323.118	109.5
323.471	113.5
323.823	122.5
324.173	119.5
324.525	118.5
324.876	118.5
325.228	108.5
325.58	111.5
325.931	118.5
326.283	113.5
326.633	115.5
326.985	119.5
327.337	124.5
327.688	116.5
328.039	106.5
328.39	115.5
328.742	110.5
329.094	108.5
329.444	109.5
329.796	118.5
330.146	107.5
330.498	111.5
330.848	105.5
331.2	101.5
331.551	94.5
331.902	99.5
332.253	108.5
332.604	99.5
332.954	105.5
333.306	100.5
333.656	102.5
334.008	91.5
334.358	108.5
334.71	106.5
335.06	97.5
335.411	104.5
335.762	97.5
336.113	109.5
