39.5698	122
39.941	132
40.3108	132
40.6805	113
41.0503	116
41.42	109
41.7897	101
42.1593	108
42.529	103
42.9001	110
43.2697	106
43.6393	112
44.0089	111
44.3784	114
44.748	110
45.1175	115
45.487	107
45.8565	120
46.226	116
46.5955	112
46.9649	122
47.3343	108
47.7052	119
48.0746	113
48.4439	110
48.8133	140
49.1826	121
49.5519	109
49.9212	127
50.2905	124
50.6598	134
51.029	126
51.3982	148
51.7675	165
52.1366	161
52.5058	217
52.875	286
53.2441	425
53.6132	514
53.9823	561
54.3514	485
54.7205	503
55.0895	817
55.4586	1368
55.8276	1379
56.1966	787
56.5641	368
56.9331	247
57.302	181
57.671	159
58.0399	144
58.4088	152
58.7776	150
59.1465	161
59.5153	198
59.8841	233
60.2529	236
60.6217	224
60.9905	175
61.3578	146
61.7265	141
62.0953	162
62.464	153
62.8326	179
63.2013	188
63.5699	189
63.9386	156
64.3057	164
64.6743	174
65.0429	154
65.4114	173
65.78	139
66.1485	140
66.517	117
66.884	116
67.2525	112
67.621	108
67.9894	107
68.3578	106
68.7248	101
69.0931	94
69.4615	102
69.8299	102
70.1982	104
70.565	109
70.9333	107
71.3016	104
71.6699	100
72.0381	107
72.4049	108
72.7731	117
73.1413	119
73.5094	128
73.8762	126
74.2443	127
74.6124	121
74.9805	121
75.3471	101
75.7152	110
76.0832	105
76.4513	97
76.8178	97
77.1858	103
77.5538	86
77.9203	98
78.2883	95
78.6562	117
79.0241	106
79.3905	103
79.7584	96
80.1262	100
80.4926	84
80.8605	96
81.2282	102
81.5946	91
81.9624	98
82.3301	99
82.6964	94
83.0641	98
83.4318	93
83.798	92
84.1657	92
84.5319	95
84.8995	100
85.2671	94
85.6333	100
86.0008	98
86.3684	104
86.7345	111
87.102	105
87.468	100
87.8355	107
88.2016	96
88.569	95
88.9364	97
89.3024	106
89.6698	103
90.0357	106
90.4031	109
90.769	94
91.1363	94
91.5036	104
91.8695	93
92.2368	96
92.6026	90
92.9698	90
93.3356	93
93.7028	104
94.0685	98
94.4357	105
94.8014	101
95.1685	103
95.5342	108
95.9013	101
96.267	99
96.634	98
96.9996	101
97.3666	106
97.7322	125
98.0992	123
98.4647	108
98.8317	108
99.1972	97
99.5641	103
99.9296	97
100.296	91
100.662	99
101.027	102
101.394	97
101.76	98
102.126	105
102.492	96
102.858	101
103.224	93
103.589	99
103.956	99
104.321	90
104.688	96
105.053	93
105.418	96
105.785	104
106.15	101
106.515	96
106.882	98
107.247	97
107.613	101
107.978	87
108.343	94
108.71	100
109.075	108
109.44	105
109.806	102
110.171	104
110.536	99
110.903	108
111.268	102
111.633	98
111.999	104
112.364	94
112.729	100
113.093	95
113.46	105
113.825	103
114.189	97
114.555	102
114.92	89
115.285	94
115.65	99
116.016	98
116.381	92
116.745	90
117.11	89
117.476	101
117.841	95
118.205	90
118.57	104
118.936	97
119.3	97
119.665	95
120.029	105
120.394	94
120.76	98
121.124	105
121.489	101
121.853	95
122.217	97
122.583	93
122.948	94
123.312	104
123.676	97
124.041	101
124.406	100
124.771	95
125.135	94
125.499	97
125.863	95
126.228	94
126.592	94
126.957	106
127.322	92
127.686	91
128.05	99
128.414	104
128.778	103
129.142	102
129.506	101
129.87	102
130.236	95
130.6	99
130.964	96
131.328	105
131.692	99
132.056	104
132.419	96
132.783	97
133.147	106
133.511	88
133.875	97
134.239	94
134.603	104
134.966	95
135.33	94
135.694	99
136.058	99
136.421	94
136.785	95
137.149	95
137.514	98
137.878	97
138.241	98
138.603	97
138.967	99
139.331	101
139.694	85
140.058	99
140.421	104
140.785	99
141.148	96
141.512	98
141.875	105
142.239	106
142.602	106
142.966	98
143.329	98
143.692	108
144.056	90
144.419	100
144.782	98
145.146	99
145.509	100
145.871	100
146.234	92
146.597	101
146.961	107
147.324	101
147.687	101
148.05	104
148.413	99
148.777	101
149.138	101
149.501	96
149.864	94
150.228	106
150.591	99
150.954	104
151.317	108
151.678	95
152.041	109
152.404	110
152.767	112
153.13	106
153.492	105
153.854	101
154.217	111
154.58	113
154.943	124
155.304	133
155.667	148
156.03	134
156.393	184
156.756	166
157.117	169
157.48	144
157.842	143
158.205	137
158.566	135
158.929	125
159.292	118
159.654	125
160.015	110
160.378	115
160.741	108
161.103	111
161.464	101
161.827	108
162.189	107
162.55	98
162.913	101
163.275	93
163.638	103
163.999	107
164.361	103
164.724	106
165.085	101
165.447	108
165.809	102
166.17	101
166.532	102
166.895	105
167.256	101
167.618	97
167.979	103
168.341	100
168.703	97
169.064	103
169.426	98
169.788	96
170.149	98
170.511	103
170.872	95
171.234	104
171.596	100
171.956	111
172.318	107
172.679	100
173.041	107
173.401	102
173.763	102
174.125	102
174.486	100
174.848	107
175.208	108
175.57	107
175.931	108
176.292	111
176.653	103
177.015	114
177.375	102
177.737	104
178.098	101
178.459	103
178.821	109
179.181	108
179.542	111
179.903	100
180.264	113
180.625	120
180.985	103
181.346	113
181.707	126
182.068	115
182.428	116
182.79	118
183.15	113
183.511	117
183.871	121
184.233	117
184.593	118
184.953	119
185.314	118
185.674	119
186.036	127
186.396	120
186.757	131
187.117	122
187.477	118
187.838	126
188.198	130
188.559	126
188.919	127
189.279	129
189.64	133
190	123
190.359	134
190.721	130
191.08	123
191.44	131
191.801	134
192.161	125
192.52	136
192.882	120
193.241	125
193.601	125
193.962	133
194.321	131
194.681	142
195.042	126
195.401	126
195.761	133
196.122	136
196.481	123
196.841	118
197.2	129
197.561	115
197.92	129
198.28	125
198.639	135
199	127
199.359	123
199.718	131
200.078	130
200.438	121
200.798	123
201.157	132
201.516	130
201.877	133
202.236	119
202.595	136
202.954	128
203.313	121
203.674	130
204.033	128
204.392	131
204.751	133
205.11	138
205.471	135
205.83	142
206.189	156
206.548	149
206.907	147
207.266	147
207.626	135
207.985	161
208.344	160
208.703	176
209.062	168
209.42	181
209.779	195
210.138	190
210.498	198
210.857	201
211.216	192
211.575	211
211.933	191
212.292	196
212.651	183
213.01	181
213.368	176
213.727	154
214.085	168
214.444	165
214.804	138
215.163	154
215.521	138
215.88	134
216.238	123
216.597	137
216.955	130
217.314	132
217.672	121
218.031	123
218.389	128
218.748	115
219.106	127
219.464	113
219.823	124
220.181	122
220.539	130
220.898	112
221.256	117
221.614	116
221.973	118
222.331	118
222.689	110
223.047	110
223.405	118
223.762	111
224.12	122
224.479	112
224.837	119
225.195	118
225.553	112
225.911	120
226.269	125
226.627	119
226.985	116
227.343	128
227.701	125
228.058	122
228.416	117
228.773	119
229.131	118
229.489	127
229.847	133
230.205	129
230.563	135
230.919	126
231.277	119
231.635	136
231.993	123
232.351	129
232.708	122
233.065	128
233.422	117
233.78	125
234.138	122
234.495	117
234.852	132
235.209	132
235.567	128
235.925	135
236.282	145
236.638	152
236.996	135
237.353	139
237.711	150
238.067	134
238.425	142
238.782	136
239.139	146
239.495	139
239.853	137
240.21	155
240.568	145
240.924	146
241.281	141
241.638	134
241.996	141
242.352	144
242.709	137
243.066	150
243.422	137
243.779	149
244.136	140
244.492	149
244.849	148
245.207	138
245.562	144
245.919	148
246.277	147
246.632	141
246.989	142
247.346	149
247.702	136
248.059	147
248.416	146
248.772	145
249.129	153
249.484	154
249.841	161
250.198	164
250.554	147
250.911	162
251.266	182
251.623	190
251.98	180
252.335	170
252.692	186
253.047	175
253.404	190
253.76	187
254.116	196
254.473	192
254.828	188
255.185	184
255.54	199
255.897	190
256.252	174
256.609	184
256.964	178
257.321	172
257.676	178
258.032	170
258.388	173
258.744	166
259.099	157
259.456	158
259.811	166
260.167	155
260.522	143
260.879	147
261.234	156
261.59	146
261.945	141
262.301	151
262.656	141
263.011	151
263.368	148
263.723	143
264.079	128
264.434	135
264.79	127
265.145	139
265.5	132
265.856	134
266.211	134
266.567	122
266.921	131
267.276	132
267.632	116
267.987	104
268.342	125
268.698	115
269.052	125
269.408	126
269.763	119
270.118	113
270.474	126
270.828	118
271.183	114
271.539	111
271.893	127
272.248	116
272.604	109
272.958	107
273.312	120
273.667	110
274.023	115
274.377	122
274.731	116
275.087	115
275.442	107
275.796	112
276.15	107
276.506	106
276.86	123
277.214	116
277.569	109
277.924	110
278.279	110
278.633	99
278.987	118
279.342	113
279.697	105
280.051	107
280.405	102
280.759	111
281.114	116
281.469	107
281.823	106
282.177	112
282.531	107
282.886	103
283.24	104
283.594	116
283.948	114
284.302	112
284.656	105
285.011	112
285.365	103
285.719	104
286.073	113
286.427	105
286.78	114
287.134	107
287.489	106
287.843	107
288.197	107
288.551	96
288.904	108
289.258	107
289.612	112
289.965	122
290.319	108
290.673	106
291.026	113
291.381	113
291.735	109
292.088	114
292.442	110
292.795	114
293.149	115
293.503	112
293.856	109
294.209	116
294.563	109
294.916	121
295.27	108
295.623	109
295.977	114
296.33	102
296.683	118
297.037	105
297.39	121
297.743	111
298.097	110
298.45	113
298.803	112
299.156	104
299.51	113
299.863	120
300.216	118
300.569	119
300.922	115
301.275	117
301.627	120
301.98	121
302.333	115
302.686	118
303.039	124
303.392	113
303.746	128
304.099	120
304.452	126
304.804	131
305.156	123
305.509	127
305.862	134
306.215	127
306.568	129
306.921	134
307.273	134
307.626	145
307.978	145
308.331	155
308.683	153
309.036	164
309.389	172
309.742	160
310.093	184
310.446	181
310.798	196
311.151	193
311.504	191
311.855	193
312.208	173
312.56	194
312.913	184
313.265	163
313.617	181
313.969	175
314.322	153
314.674	166
315.025	165
315.378	164
315.73	172
316.083	168
316.434	154
316.786	148
317.138	173
317.489	154
317.842	159
318.194	150
318.547	147
318.897	142
319.25	138
319.602	125
319.953	145
320.305	136
320.657	133
321.008	129
321.36	125
321.713	117
322.063	127
322.416	116
322.768	112
323.118	123
323.471	122
323.823	113
324.173	127
324.525	109
324.876	108
325.228	103
325.58	113
325.931	114
326.283	111
326.633	112
326.985	110
327.337	108
327.688	115
328.039	113
328.39	112
328.742	109
329.094	105
329.444	95
329.796	106
330.146	106
330.498	104
330.848	104
331.2	117
331.551	102
331.902	111
332.253	100
332.604	98
332.954	97
333.306	106
333.656	102
334.008	94
334.358	107
334.71	104
335.06	107
335.411	110
335.762	102
336.113	113
