39.5698	113.5
39.941	112.5
40.3108	103.5
40.6805	120.5
41.0503	103.5
41.42	104.5
41.7897	104.5
42.1593	106.5
42.529	108.5
42.9001	107.5
43.2697	94.5
43.6393	109.5
44.0089	108.5
44.3784	116.5
44.748	105.5
45.1175	104.5
45.487	108.5
45.8565	110.5
46.226	109.5
46.5955	115.5
46.9649	115.5
47.3343	111.5
47.7052	103.5
48.0746	108.5
48.4439	121.5
48.8133	130.5
49.1826	116.5
49.5519	115.5
49.9212	119.5
50.2905	122.5
50.6598	120.5
51.029	140.5
51.3982	134.5
51.7675	164.5
52.1366	176.5
52.5058	223.5
52.875	283.5
53.2441	379.5
53.6132	517.5
53.9823	542.5
54.3514	469.5
54.7205	497.5
55.0895	826.5
55.4586	1372.5
55.8276	1429.5
56.1966	795.5
56.5641	397.5
56.9331	238.5
57.302	191.5
57.671	171.5
58.0399	150.5
58.4088	150.5
58.7776	158.5
59.1465	166.5
59.5153	198.5
59.8841	217.5
60.2529	265.5
60.6217	264.5
60.9905	184.5
61.3578	177.5
61.7265	166.5
62.0953	182.5
62.464	232.5
62.8326	284.5
63.2013	297.5
63.5699	272.5
63.9386	255.5
64.3057	199.5
64.6743	183.5
65.0429	196.5
65.4114	162.5
65.78	132.5
66.1485	137.5
66.517	121.5
66.884	107.5
67.2525	109.5
67.621	103.5
67.9894	115.5
68.3578	102.5
68.7248	97.5
69.0931	105.5
69.4615	105.5
69.8299	107.5
70.1982	102.5
70.565	109.5
70.9333	110.5
71.3016	103.5
71.6699	104.5
72.0381	109.5
72.4049	105.5
72.7731	123.5
73.1413	130.5
73.5094	147.5
73.8762	146.5
74.2443	164.5
74.6124	145.5
74.9805	140.5
75.3471	130.5
75.7152	101.5
76.0832	94.5
76.4513	107.5
76.8178	97.5
77.1858	96.5
77.5538	100.5
77.9203	97.5
78.2883	108.5
78.6562	103.5
79.0241	98.5
79.3905	100.5
79.7584	93.5
80.1262	97.5
80.4926	96.5
80.8605	96.5
81.2282	95.5
81.5946	98.5
81.9624	107.5
82.3301	95.5
82.6964	91.5
83.0641	94.5
83.4318	92.5
83.798	96.5
84.1657	99.5
84.5319	104.5
84.8995	89.5
85.2671	90.5
85.6333	99.5
86.0008	94.5
86.3684	100.5
86.7345	105.5
87.102	100.5
87.468	92.5
87.8355	105.5
88.2016	94.5
88.569	95.5
88.9364	94.5
89.3024	99.5
89.6698	104.5
90.0357	94.5
90.4031	97.5
90.769	106.5
91.1363	93.5
91.5036	95.5
91.8695	97.5
92.2368	90.5
92.6026	92.5
92.9698	94.5
93.3356	93.5
93.7028	103.5
94.0685	94.5
94.4357	100.5
94.8014	92.5
95.1685	100.5
95.5342	105.5
95.9013	104.5
96.267	93.5
96.634	97.5
96.9996	94.5
97.3666	109.5
97.7322	149.5
98.0992	129.5
98.4647	116.5
98.8317	91.5
99.1972	98.5
99.5641	93.5
99.9296	99.5
100.296	100.5
100.662	88.5
101.027	95.5
101.394	97.5
101.76	94.5
102.126	101.5
102.492	101.5
102.858	103.5
103.224	98.5
103.589	104.5
103.956	100.5
104.321	92.5
104.688	99.5
105.053	98.5
105.418	97.5
105.785	99.5
106.15	92.5
106.515	93.5
106.882	95.5
107.247	94.5
107.613	97.5
107.978	104.5
108.343	93.5
108.71	91.5
109.075	104.5
109.44	104.5
109.806	99.5
110.171	106.5
110.536	95.5
110.903	94.5
111.268	102.5
111.633	99.5
111.999	95.5
112.364	99.5
112.729	93.5
113.093	103.5
113.46	104.5
113.825	90.5
114.189	96.5
114.555	92.5
114.92	101.5
115.285	92.5
115.65	98.5
116.016	95.5
116.381	94.5
116.745	95.5
117.11	100.5
117.476	96.5
117.841	103.5
118.205	97.5
118.57	106.5
118.936	102.5
119.3	99.5
119.665	91.5
120.029	93.5
120.394	94.5
120.76	91.5
121.124	89.5
121.489	97.5
121.853	88.5
122.217	87.5
122.583	90.5
122.948	100.5
123.312	100.5
123.676	97.5
124.041	96.5
124.406	110.5
124.771	92.5
125.135	108.5
125.499	96.5
125.863	97.5
126.228	94.5
126.592	96.5
126.957	99.5
127.322	90.5
127.686	99.5
128.05	95.5
128.414	95.5
128.778	91.5
129.142	97.5
129.506	93.5
129.87	90.5
130.236	97.5
130.6	88.5
130.964	95.5
131.328	90.5
131.692	90.5
132.056	91.5
132.419	99.5
132.783	95.5
133.147	99.5
133.511	91.5
133.875	101.5
134.239	95.5
134.603	90.5
134.966	103.5
135.33	99.5
135.694	92.5
136.058	90.5
136.421	94.5
136.785	97.5
137.149	94.5
137.514	94.5
137.878	97.5
138.241	97.5
138.603	91.5
138.967	93.5
139.331	93.5
139.694	89.5
140.058	90.5
140.421	92.5
140.785	96.5
141.148	100.5
141.512	97.5
141.875	90.5
142.239	95.5
142.602	93.5
142.966	94.5
143.329	98.5
143.692	92.5
144.056	88.5
144.419	97.5
144.782	88.5
145.146	92.5
145.509	101.5
145.871	99.5
146.234	98.5
146.597	98.5
146.961	94.5
147.324	99.5
147.687	99.5
148.05	97.5
148.413	100.5
148.777	100.5
149.138	103.5
149.501	94.5
149.864	93.5
150.228	95.5
150.591	105.5
150.954	95.5
151.317	98.5
151.678	97.5
152.041	90.5
152.404	93.5
152.767	96.5
153.13	102.5
153.492	102.5
153.854	103.5
154.217	102.5
154.58	104.5
154.943	109.5
155.304	118.5
155.667	131.5
156.03	143.5
156.393	143.5
156.756	148.5
157.117	156.5
157.48	144.5
157.842	126.5
158.205	114.5
158.566	109.5
158.929	110.5
159.292	115.5
159.654	106.5
160.015	102.5
160.378	91.5
160.741	100.5
161.103	107.5
161.464	92.5
161.827	98.5
162.189	96.5
162.55	95.5
162.913	102.5
163.275	99.5
163.638	98.5
163.999	100.5
164.361	98.5
164.724	99.5
165.085	99.5
165.447	96.5
165.809	100.5
166.17	95.5
166.532	97.5
166.895	95.5
167.256	98.5
167.618	95.5
167.979	102.5
168.341	94.5
168.703	99.5
169.064	99.5
169.426	99.5
169.788	105.5
170.149	105.5
170.511	91.5
170.872	98.5
171.234	101.5
171.596	95.5
171.956	99.5
172.318	105.5
172.679	96.5
173.041	99.5
173.401	102.5
173.763	104.5
174.125	97.5
174.486	96.5
174.848	96.5
175.208	98.5
175.57	94.5
175.931	97.5
176.292	93.5
176.653	96.5
177.015	97.5
177.375	100.5
177.737	99.5
178.098	103.5
178.459	107.5
178.821	98.5
179.181	101.5
179.542	103.5
179.903	110.5
180.264	97.5
180.625	104.5
180.985	102.5
181.346	102.5
181.707	103.5
182.068	104.5
182.428	113.5
182.79	98.5
183.15	110.5
183.511	100.5
183.871	107.5
184.233	110.5
184.593	103.5
184.953	104.5
185.314	109.5
185.674	113.5
186.036	112.5
186.396	122.5
186.757	112.5
187.117	116.5
187.477	108.5
187.838	118.5
188.198	121.5
188.559	125.5
188.919	116.5
189.279	121.5
189.64	113.5
190	122.5
190.359	116.5
190.721	107.5
191.08	107.5
191.44	119.5
191.801	123.5
192.161	116.5
192.52	113.5
192.882	128.5
193.241	131.5
193.601	123.5
193.962	114.5
194.321	126.5
194.681	119.5
195.042	130.5
195.401	121.5
195.761	126.5
196.122	119.5
196.481	114.5
196.841	129.5
197.2	118.5
197.561	121.5
197.92	116.5
198.28	125.5
198.639	123.5
199	119.5
199.359	124.5
199.718	115.5
200.078	122.5
200.438	120.5
200.798	125.5
201.157	111.5
201.516	133.5
201.877	136.5
202.236	123.5
202.595	136.5
202.954	132.5
203.313	123.5
203.674	138.5
204.033	130.5
204.392	135.5
204.751	136.5
205.11	145.5
205.471	143.5
205.83	136.5
206.189	135.5
206.548	138.5
206.907	131.5
207.266	148.5
207.626	154.5
207.985	163.5
208.344	168.5
208.703	177.5
209.062	170.5
209.42	172.5
209.779	169.5
210.138	174.5
210.498	177.5
210.857	191.5
211.216	208.5
211.575	203.5
211.933	205.5
212.292	186.5
212.651	180.5
213.01	199.5
213.368	185.5
213.727	172.5
214.085	159.5
214.444	150.5
214.804	158.5
215.163	147.5
215.521	137.5
215.88	134.5
216.238	129.5
216.597	139.5
216.955	124.5
217.314	116.5
217.672	120.5
218.031	124.5
218.389	115.5
218.748	106.5
219.106	120.5
219.464	114.5
219.823	115.5
220.181	105.5
220.539	123.5
220.898	106.5
221.256	112.5
221.614	108.5
221.973	111.5
222.331	108.5
222.689	106.5
223.047	105.5
223.405	115.5
223.762	108.5
224.12	115.5
224.479	107.5
224.837	112.5
225.195	118.5
225.553	108.5
225.911	110.5
226.269	108.5
226.627	103.5
226.985	114.5
227.343	101.5
227.701	108.5
228.058	102.5
228.416	112.5
228.773	107.5
229.131	124.5
229.489	108.5
229.847	112.5
230.205	116.5
230.563	109.5
230.919	117.5
231.277	120.5
231.635	117.5
231.993	111.5
232.351	117.5
232.708	116.5
233.065	113.5
233.422	110.5
233.78	133.5
234.138	125.5
234.495	122.5
234.852	116.5
235.209	125.5
235.567	116.5
235.925	130.5
236.282	127.5
236.638	128.5
236.996	129.5
237.353	121.5
237.711	125.5
238.067	116.5
238.425	135.5
238.782	122.5
239.139	125.5
239.495	128.5
239.853	123.5
240.21	126.5
240.568	130.5
240.924	128.5
241.281	126.5
241.638	131.5
241.996	128.5
242.352	135.5
242.709	123.5
243.066	135.5
243.422	130.5
243.779	122.5
244.136	135.5
244.492	143.5
244.849	127.5
245.207	130.5
245.562	132.5
245.919	124.5
246.277	136.5
246.632	124.5
246.989	146.5
247.346	134.5
247.702	139.5
248.059	142.5
248.416	136.5
248.772	151.5
249.129	140.5
249.484	151.5
249.841	152.5
250.198	157.5
250.554	157.5
250.911	161.5
251.266	159.5
251.623	162.5
251.98	169.5
252.335	167.5
252.692	183.5
253.047	185.5
253.404	199.5
253.76	174.5
254.116	194.5
254.473	183.5
254.828	201.5
255.185	172.5
255.54	182.5
255.897	207.5
256.252	181.5
256.609	189.5
256.964	174.5
257.321	176.5
257.676	175.5
258.032	173.5
258.388	172.5
258.744	169.5
259.099	166.5
259.456	158.5
259.811	151.5
260.167	151.5
260.522	153.5
260.879	136.5
261.234	138.5
261.59	144.5
261.945	129.5
262.301	129.5
262.656	149.5
263.011	128.5
263.368	127.5
263.723	132.5
264.079	134.5
264.434	134.5
264.79	119.5
265.145	128.5
265.5	128.5
265.856	120.5
266.211	134.5
266.567	124.5
266.921	121.5
267.276	130.5
267.632	121.5
267.987	121.5
268.342	111.5
268.698	117.5
269.052	123.5
269.408	116.5
269.763	113.5
270.118	125.5
270.474	130.5
270.828	107.5
271.183	113.5
271.539	113.5
271.893	108.5
272.248	122.5
272.604	112.5
272.958	111.5
273.312	115.5
273.667	97.5
274.023	94.5
274.377	110.5
274.731	107.5
275.087	109.5
275.442	110.5
275.796	108.5
276.15	107.5
276.506	98.5
276.86	109.5
277.214	106.5
277.569	106.5
277.924	116.5
278.279	103.5
278.633	101.5
278.987	102.5
279.342	102.5
279.697	109.5
280.051	112.5
280.405	113.5
280.759	101.5
281.114	111.5
281.469	106.5
281.823	108.5
282.177	111.5
282.531	113.5
282.886	106.5
283.24	100.5
283.594	110.5
283.948	105.5
284.302	115.5
284.656	99.5
285.011	114.5
285.365	110.5
285.719	122.5
286.073	101.5
286.427	101.5
286.78	105.5
287.134	108.5
287.489	117.5
287.843	97.5
288.197	114.5
288.551	108.5
288.904	114.5
289.258	105.5
289.612	112.5
289.965	111.5
290.319	102.5
290.673	102.5
291.026	105.5
291.381	103.5
291.735	106.5
292.088	110.5
292.442	120.5
292.795	112.5
293.149	108.5
293.503	100.5
293.856	119.5
294.209	109.5
294.563	112.5
294.916	115.5
295.27	113.5
295.623	109.5
295.977	114.5
296.33	118.5
296.683	113.5
297.037	115.5
297.39	120.5
297.743	120.5
298.097	114.5
298.45	117.5
298.803	115.5
299.156	129.5
299.51	119.5
299.863	122.5
300.216	119.5
300.569	115.5
300.922	112.5
301.275	122.5
301.627	125.5
301.98	138.5
302.333	119.5
302.686	124.5
303.039	139.5
303.392	138.5
303.746	144.5
304.099	142.5
304.452	134.5
304.804	146.5
305.156	156.5
305.509	157.5
305.862	161.5
306.215	165.5
306.568	164.5
306.921	172.5
307.273	202.5
307.626	196.5
307.978	212.5
308.331	200.5
308.683	235.5
309.036	230.5
309.389	260.5
309.742	280.5
310.093	290.5
310.446	292.5
310.798	283.5
311.151	280.5
311.504	297.5
311.855	301.5
312.208	286.5
312.56	277.5
312.913	272.5
313.265	271.5
313.617	232.5
313.969	236.5
314.322	237.5
314.674	216.5
315.025	223.5
315.378	204.5
315.73	213.5
316.083	200.5
316.434	180.5
316.786	209.5
317.138	208.5
317.489	188.5
317.842	187.5
318.194	178.5
318.547	161.5
318.897	156.5
319.25	157.5
319.602	167.5
319.953	147.5
320.305	162.5
320.657	150.5
321.008	139.5
321.36	142.5
321.713	145.5
322.063	139.5
322.416	132.5
322.768	137.5
323.118	132.5
323.471	138.5
323.823	115.5
324.173	138.5
324.525	118.5
324.876	123.5
325.228	124.5
325.58	127.5
325.931	115.5
326.283	122.5
326.633	127.5
326.985	119.5
327.337	117.5
327.688	114.5
328.039	120.5
328.39	108.5
328.742	102.5
329.094	112.5
329.444	101.5
329.796	106.5
330.146	109.5
330.498	110.5
330.848	103.5
331.2	106.5
331.551	111.5
331.902	105.5
332.253	106.5
332.604	108.5
332.954	103.5
333.306	109.5
333.656	117.5
334.008	110.5
334.358	106.5
334.71	106.5
335.06	101.5
335.411	107.5
335.762	113.5
336.113	114.5
