39.5698	157
39.941	157
40.3108	161
40.6805	165
41.0503	158
41.42	153
41.7897	139
42.1593	135
42.529	143
42.9001	159
43.2697	160
43.6393	146
44.0089	141
44.3784	149
44.748	149
45.1175	139
45.487	143
45.8565	147
46.226	143
46.5955	152
46.9649	151
47.3343	140
47.7052	141
48.0746	143
48.4439	150
48.8133	183
49.1826	175
49.5519	149
49.9212	142
50.2905	149
50.6598	163
51.029	175
51.3982	163
51.7675	171
52.1366	198
52.5058	204
52.875	236
53.2441	267
53.6132	337
53.9823	343
54.3514	318
54.7205	276
55.0895	262
55.4586	376
55.8276	442
56.1966	385
56.5641	251
56.9331	224
57.302	237
57.671	236
58.0399	251
58.4088	300
58.7776	376
59.1465	570
59.5153	803
59.8841	1054
60.2529	976
60.6217	754
60.9905	593
61.3578	555
61.7265	667
62.0953	808
62.464	1098
62.8326	1595
63.2013	2015
63.5699	2167
63.9386	1945
64.3057	1552
64.6743	1220
65.0429	1129
65.4114	1071
65.78	906
66.1485	689
66.517	491
66.884	379
67.2525	292
67.621	267
67.9894	230
68.3578	215
68.7248	214
69.0931	218
69.4615	187
69.8299	186
70.1982	186
70.565	183
70.9333	185
71.3016	180
71.6699	189
72.0381	206
72.4049	216
72.7731	254
73.1413	305
73.5094	421
73.8762	542
74.2443	623
74.6124	550
74.9805	443
75.3471	335
75.7152	236
76.0832	193
76.4513	176
76.8178	162
77.1858	154
77.5538	143
77.9203	136
78.2883	144
78.6562	135
79.0241	138
79.3905	121
79.7584	122
80.1262	112
80.4926	129
80.8605	126
81.2282	121
81.5946	116
81.9624	119
82.3301	119
82.6964	114
83.0641	109
83.4318	129
83.798	124
84.1657	122
84.5319	114
84.8995	117
85.2671	122
85.6333	129
86.0008	112
86.3684	124
86.7345	125
87.102	125
87.468	127
87.8355	133
88.2016	130
88.569	144
88.9364	144
89.3024	156
89.6698	175
90.0357	196
90.4031	199
90.769	187
91.1363	174
91.5036	162
91.8695	151
92.2368	141
92.6026	119
92.9698	122
93.3356	117
93.7028	117
94.0685	133
94.4357	117
94.8014	119
95.1685	125
95.5342	122
95.9013	124
96.267	131
96.634	110
96.9996	119
97.3666	130
97.7322	183
98.0992	181
98.4647	151
98.8317	129
99.1972	122
99.5641	132
99.9296	106
100.296	115
100.662	130
101.027	115
101.394	111
101.76	122
102.126	121
102.492	109
102.858	130
103.224	122
103.589	114
103.956	116
104.321	136
104.688	114
105.053	108
105.418	118
105.785	118
106.15	122
106.515	119
106.882	125
107.247	126
107.613	128
107.978	114
108.343	121
108.71	125
109.075	131
109.44	131
109.806	125
110.171	131
110.536	132
110.903	128
111.268	127
111.633	114
111.999	103
112.364	115
112.729	132
113.093	116
113.46	120
113.825	104
114.189	104
114.555	111
114.92	107
115.285	124
115.65	109
116.016	104
116.381	117
116.745	108
117.11	101
117.476	109
117.841	112
118.205	114
118.57	114
118.936	115
119.3	111
119.665	100
120.029	125
120.394	104
120.76	99
121.124	109
121.489	108
121.853	109
122.217	103
122.583	114
122.948	114
123.312	118
123.676	113
124.041	109
124.406	120
124.771	114
125.135	104
125.499	102
125.863	114
126.228	110
126.592	105
126.957	117
127.322	111
127.686	117
128.05	118
128.414	105
128.778	118
129.142	117
129.506	115
129.87	109
130.236	109
130.6	120
130.964	120
131.328	121
131.692	119
132.056	116
132.419	114
132.783	109
133.147	120
133.511	115
133.875	119
134.239	117
134.603	117
134.966	112
135.33	122
135.694	111
136.058	106
136.421	121
136.785	108
137.149	117
137.514	122
137.878	120
138.241	111
138.603	115
138.967	111
139.331	109
139.694	115
140.058	118
140.421	107
140.785	119
141.148	103
141.512	111
141.875	108
142.239	105
142.602	103
142.966	108
143.329	117
143.692	109
144.056	116
144.419	107
144.782	109
145.146	113
145.509	104
145.871	120
146.234	105
146.597	110
146.961	112
147.324	104
147.687	106
148.05	116
148.413	105
148.777	113
149.138	112
149.501	112
149.864	112
150.228	112
150.591	124
150.954	119
151.317	113
151.678	105
152.041	114
152.404	106
152.767	110
153.13	116
153.492	110
153.854	113
154.217	100
154.58	114
154.943	116
155.304	124
155.667	118
156.03	118
156.393	119
156.756	115
157.117	116
157.48	123
157.842	136
158.205	113
158.566	113
158.929	111
159.292	110
159.654	116
160.015	122
160.378	117
160.741	109
161.103	115
161.464	114
161.827	107
162.189	117
162.55	121
162.913	114
163.275	113
163.638	114
163.999	113
164.361	110
164.724	124
165.085	117
165.447	113
165.809	113
166.17	116
166.532	115
166.895	113
167.256	117
167.618	111
167.979	119
168.341	108
168.703	127
169.064	125
169.426	120
169.788	105
170.149	125
170.511	117
170.872	123
171.234	124
171.596	127
171.956	122
172.318	125
172.679	113
173.041	140
173.401	118
173.763	127
174.125	126
174.486	131
174.848	117
175.208	122
175.57	129
175.931	146
176.292	126
176.653	149
177.015	140
177.375	137
177.737	149
178.098	136
178.459	137
178.821	151
179.181	145
179.542	159
179.903	147
180.264	161
180.625	157
180.985	151
181.346	178
181.707	155
182.068	171
182.428	194
182.79	182
183.15	194
183.511	221
183.871	209
184.233	218
184.593	237
184.953	218
185.314	222
185.674	231
186.036	217
186.396	226
186.757	249
187.117	237
187.477	251
187.838	245
188.198	235
188.559	230
188.919	231
189.279	209
189.64	216
190	220
190.359	199
190.721	197
191.08	189
191.44	171
191.801	168
192.161	176
192.52	171
192.882	169
193.241	171
193.601	165
193.962	154
194.321	146
194.681	132
195.042	159
195.401	154
195.761	154
196.122	140
196.481	149
196.841	140
197.2	151
197.561	145
197.92	144
198.28	146
198.639	139
199	127
199.359	146
199.718	144
200.078	147
200.438	135
200.798	141
201.157	132
201.516	130
201.877	127
202.236	128
202.595	129
202.954	123
203.313	129
203.674	122
204.033	128
204.392	129
204.751	124
205.11	125
205.471	121
205.83	131
206.189	135
206.548	130
206.907	132
207.266	132
207.626	137
207.985	125
208.344	143
208.703	143
209.062	124
209.42	138
209.779	128
210.138	135
210.498	146
210.857	153
211.216	130
211.575	157
211.933	152
212.292	146
212.651	157
213.01	155
213.368	135
213.727	135
214.085	141
214.444	134
214.804	134
215.163	140
215.521	119
215.88	124
216.238	126
216.597	126
216.955	132
217.314	118
217.672	130
218.031	137
218.389	128
218.748	131
219.106	129
219.464	124
219.823	147
220.181	121
220.539	127
220.898	128
221.256	130
221.614	123
221.973	112
222.331	126
222.689	134
223.047	142
223.405	133
223.762	124
224.12	134
224.479	124
224.837	135
225.195	136
225.553	118
225.911	136
226.269	126
226.627	134
226.985	135
227.343	131
227.701	135
228.058	136
228.416	139
228.773	139
229.131	128
229.489	137
229.847	151
230.205	152
230.563	140
230.919	151
231.277	142
231.635	141
231.993	150
232.351	150
232.708	163
233.065	158
233.422	166
233.78	159
234.138	170
234.495	165
234.852	158
235.209	161
235.567	160
235.925	172
236.282	180
236.638	166
236.996	181
237.353	172
237.711	178
238.067	190
238.425	179
238.782	199
239.139	190
239.495	180
239.853	178
240.21	188
240.568	185
240.924	191
241.281	174
241.638	182
241.996	176
242.352	181
242.709	171
243.066	190
243.422	160
243.779	180
244.136	160
244.492	170
244.849	156
245.207	151
245.562	166
245.919	153
246.277	175
246.632	166
246.989	157
247.346	166
247.702	154
248.059	157
248.416	158
248.772	156
249.129	167
249.484	157
249.841	170
250.198	169
250.554	170
250.911	168
251.266	153
251.623	170
251.98	172
252.335	178
252.692	168
253.047	174
253.404	169
253.76	163
254.116	169
254.473	170
254.828	194
255.185	189
255.54	185
255.897	157
256.252	187
256.609	169
256.964	174
257.321	177
257.676	177
258.032	167
258.388	187
258.744	189
259.099	182
259.456	183
259.811	168
260.167	158
260.522	175
260.879	163
261.234	154
261.59	150
261.945	156
262.301	166
262.656	142
263.011	154
263.368	148
263.723	153
264.079	141
264.434	148
264.79	142
265.145	138
265.5	147
265.856	140
266.211	132
266.567	150
266.921	141
267.276	143
267.632	143
267.987	129
268.342	139
268.698	127
269.052	130
269.408	145
269.763	151
270.118	141
270.474	133
270.828	133
271.183	123
271.539	137
271.893	128
272.248	136
272.604	130
272.958	134
273.312	133
273.667	135
274.023	139
274.377	137
274.731	121
275.087	133
275.442	128
275.796	135
276.15	132
276.506	130
276.86	127
277.214	129
277.569	147
277.924	143
278.279	132
278.633	141
278.987	128
279.342	129
279.697	136
280.051	136
280.405	140
280.759	140
281.114	123
281.469	143
281.823	141
282.177	138
282.531	143
282.886	139
283.24	140
283.594	136
283.948	139
284.302	133
284.656	149
285.011	143
285.365	138
285.719	148
286.073	143
286.427	153
286.78	150
287.134	148
287.489	158
287.843	149
288.197	163
288.551	170
288.904	173
289.258	172
289.612	162
289.965	181
290.319	173
290.673	182
291.026	187
291.381	184
291.735	196
292.088	198
292.442	198
292.795	208
293.149	189
293.503	207
293.856	200
294.209	235
294.563	232
294.916	221
295.27	236
295.623	229
295.977	225
296.33	245
296.683	245
297.037	238
297.39	242
297.743	246
298.097	239
298.45	257
298.803	272
299.156	257
299.51	277
299.863	301
300.216	287
300.569	296
300.922	325
301.275	326
301.627	343
301.98	330
302.333	374
302.686	392
303.039	400
303.392	420
303.746	434
304.099	445
304.452	500
304.804	536
305.156	584
305.509	618
305.862	638
306.215	698
306.568	759
306.921	820
307.273	876
307.626	968
307.978	1072
308.331	1140
308.683	1298
309.036	1409
309.389	1642
309.742	1785
310.093	1846
310.446	2000
310.798	2174
311.151	2201
311.504	2285
311.855	2203
312.208	2184
312.56	2026
312.913	1770
313.265	1729
313.617	1491
313.969	1404
314.322	1253
314.674	1158
315.025	1062
315.378	971
315.73	868
316.083	867
316.434	758
316.786	762
317.138	701
317.489	652
317.842	619
318.194	586
318.547	548
318.897	527
319.25	496
319.602	451
319.953	442
320.305	427
320.657	416
321.008	401
321.36	358
321.713	330
322.063	342
322.416	301
322.768	292
323.118	318
323.471	311
323.823	282
324.173	284
324.525	270
324.876	275
325.228	288
325.58	227
325.931	244
326.283	266
326.633	248
326.985	248
327.337	230
327.688	223
328.039	211
328.39	227
328.742	224
329.094	218
329.444	190
329.796	174
330.146	204
330.498	206
330.848	205
331.2	191
331.551	195
331.902	182
332.253	187
332.604	179
332.954	173
333.306	195
333.656	181
334.008	182
334.358	174
334.71	167
335.06	177
335.411	168
335.762	171
336.113	186
