39.5698	148.5
39.941	136.5
40.3108	119.5
40.6805	119.5
41.0503	116.5
41.42	116.5
41.7897	115.5
42.1593	109.5
42.529	108.5
42.9001	112.5
43.2697	119.5
43.6393	113.5
44.0089	114.5
44.3784	117.5
44.748	122.5
45.1175	110.5
45.487	114.5
45.8565	113.5
46.226	110.5
46.5955	116.5
46.9649	123.5
47.3343	112.5
47.7052	120.5
48.0746	127.5
48.4439	118.5
48.8133	133.5
49.1826	141.5
49.5519	121.5
49.9212	113.5
50.2905	125.5
50.6598	116.5
51.029	128.5
51.3982	126.5
51.7675	132.5
52.1366	141.5
52.5058	145.5
52.875	179.5
53.2441	233.5
53.6132	255.5
53.9823	271.5
54.3514	254.5
54.7205	211.5
55.0895	282.5
55.4586	462.5
55.8276	586.5
56.1966	441.5
56.5641	282.5
56.9331	176.5
57.302	167.5
57.671	174.5
58.0399	177.5
58.4088	206.5
58.7776	230.5
59.1465	324.5
59.5153	496.5
59.8841	592.5
60.2529	585.5
60.6217	463.5
60.9905	377.5
61.3578	328.5
61.7265	338.5
62.0953	407.5
62.464	542.5
62.8326	727.5
63.2013	909.5
63.5699	1015.5
63.9386	883.5
64.3057	717.5
64.6743	588.5
65.0429	580.5
65.4114	561.5
65.78	493.5
66.1485	392.5
66.517	286.5
66.884	238.5
67.2525	198.5
67.621	166.5
67.9894	151.5
68.3578	154.5
68.7248	146.5
69.0931	133.5
69.4615	133.5
69.8299	135.5
70.1982	131.5
70.565	125.5
70.9333	123.5
71.3016	126.5
71.6699	130.5
72.0381	136.5
72.4049	140.5
72.7731	157.5
73.1413	184.5
73.5094	213.5
73.8762	282.5
74.2443	291.5
74.6124	323.5
74.9805	230.5
75.3471	180.5
75.7152	150.5
76.0832	130.5
76.4513	126.5
76.8178	120.5
77.1858	117.5
77.5538	113.5
77.9203	115.5
78.2883	102.5
78.6562	114.5
79.0241	110.5
79.3905	117.5
79.7584	106.5
80.1262	101.5
80.4926	108.5
80.8605	99.5
81.2282	107.5
81.5946	90.5
81.9624	104.5
82.3301	100.5
82.6964	105.5
83.0641	98.5
83.4318	97.5
83.798	92.5
84.1657	106.5
84.5319	103.5
84.8995	106.5
85.2671	99.5
85.6333	100.5
86.0008	101.5
86.3684	108.5
86.7345	117.5
87.102	115.5
87.468	112.5
87.8355	105.5
88.2016	105.5
88.569	107.5
88.9364	122.5
89.3024	114.5
89.6698	138.5
90.0357	138.5
90.4031	165.5
90.769	155.5
91.1363	140.5
91.5036	124.5
91.8695	115.5
92.2368	103.5
92.6026	100.5
92.9698	104.5
93.3356	100.5
93.7028	93.5
94.0685	95.5
94.4357	102.5
94.8014	103.5
95.1685	107.5
95.5342	100.5
95.9013	95.5
96.267	108.5
96.634	102.5
96.9996	103.5
97.3666	110.5
97.7322	146.5
98.0992	174.5
98.4647	130.5
98.8317	110.5
99.1972	102.5
99.5641	98.5
99.9296	98.5
100.296	103.5
100.662	85.5
101.027	104.5
101.394	104.5
101.76	94.5
102.126	103.5
102.492	110.5
102.858	94.5
103.224	99.5
103.589	103.5
103.956	97.5
104.321	105.5
104.688	103.5
105.053	90.5
105.418	96.5
105.785	96.5
106.15	98.5
106.515	101.5
106.882	97.5
107.247	101.5
107.613	98.5
107.978	106.5
108.343	100.5
108.71	102.5
109.075	107.5
109.44	113.5
109.806	118.5
110.171	105.5
110.536	108.5
110.903	103.5
111.268	107.5
111.633	112.5
111.999	103.5
112.364	101.5
112.729	93.5
113.093	94.5
113.46	102.5
113.825	104.5
114.189	104.5
114.555	93.5
114.92	106.5
115.285	106.5
115.65	96.5
116.016	96.5
116.381	104.5
116.745	101.5
117.11	96.5
117.476	95.5
117.841	100.5
118.205	102.5
118.57	104.5
118.936	104.5
119.3	100.5
119.665	93.5
120.029	96.5
120.394	101.5
120.76	91.5
121.124	92.5
121.489	93.5
121.853	98.5
122.217	99.5
122.583	97.5
122.948	97.5
123.312	113.5
123.676	105.5
124.041	104.5
124.406	99.5
124.771	98.5
125.135	109.5
125.499	101.5
125.863	101.5
126.228	99.5
126.592	100.5
126.957	99.5
127.322	95.5
127.686	98.5
128.05	102.5
128.414	100.5
128.778	100.5
129.142	94.5
129.506	96.5
129.87	101.5
130.236	98.5
130.6	98.5
130.964	103.5
131.328	98.5
131.692	95.5
132.056	103.5
132.419	91.5
132.783	96.5
133.147	96.5
133.511	96.5
133.875	100.5
134.239	96.5
134.603	100.5
134.966	90.5
135.33	105.5
135.694	101.5
136.058	109.5
136.421	102.5
136.785	101.5
137.149	106.5
137.514	105.5
137.878	109.5
138.241	98.5
138.603	101.5
138.967	101.5
139.331	96.5
139.694	98.5
140.058	100.5
140.421	94.5
140.785	90.5
141.148	94.5
141.512	93.5
141.875	105.5
142.239	104.5
142.602	100.5
142.966	97.5
143.329	92.5
143.692	99.5
144.056	101.5
144.419	105.5
144.782	100.5
145.146	101.5
145.509	98.5
145.871	93.5
146.234	103.5
146.597	97.5
146.961	97.5
147.324	91.5
147.687	97.5
148.05	97.5
148.413	97.5
148.777	96.5
149.138	107.5
149.501	104.5
149.864	96.5
150.228	95.5
150.591	105.5
150.954	98.5
151.317	98.5
151.678	102.5
152.041	104.5
152.404	94.5
152.767	106.5
153.13	109.5
153.492	106.5
153.854	101.5
154.217	101.5
154.58	112.5
154.943	108.5
155.304	111.5
155.667	113.5
156.03	116.5
156.393	105.5
156.756	114.5
157.117	125.5
157.48	119.5
157.842	121.5
158.205	114.5
158.566	103.5
158.929	101.5
159.292	112.5
159.654	102.5
160.015	105.5
160.378	106.5
160.741	106.5
161.103	105.5
161.464	93.5
161.827	105.5
162.189	105.5
162.55	99.5
162.913	98.5
163.275	95.5
163.638	96.5
163.999	101.5
164.361	101.5
164.724	107.5
165.085	91.5
165.447	96.5
165.809	105.5
166.17	94.5
166.532	109.5
166.895	100.5
167.256	101.5
167.618	96.5
167.979	115.5
168.341	97.5
168.703	104.5
169.064	121.5
169.426	103.5
169.788	100.5
170.149	105.5
170.511	108.5
170.872	106.5
171.234	100.5
171.596	108.5
171.956	111.5
172.318	108.5
172.679	110.5
173.041	102.5
173.401	110.5
173.763	104.5
174.125	104.5
174.486	109.5
174.848	116.5
175.208	101.5
175.57	112.5
175.931	104.5
176.292	121.5
176.653	117.5
177.015	112.5
177.375	120.5
177.737	112.5
178.098	115.5
178.459	127.5
178.821	120.5
179.181	117.5
179.542	116.5
179.903	126.5
180.264	122.5
180.625	119.5
180.985	135.5
181.346	128.5
181.707	129.5
182.068	135.5
182.428	139.5
182.79	135.5
183.15	144.5
183.511	147.5
183.871	145.5
184.233	149.5
184.593	159.5
184.953	168.5
185.314	167.5
185.674	170.5
186.036	169.5
186.396	178.5
186.757	170.5
187.117	168.5
187.477	163.5
187.838	170.5
188.198	165.5
188.559	153.5
188.919	151.5
189.279	166.5
189.64	153.5
190	149.5
190.359	152.5
190.721	155.5
191.08	149.5
191.44	141.5
191.801	143.5
192.161	126.5
192.52	140.5
192.882	136.5
193.241	131.5
193.601	136.5
193.962	136.5
194.321	136.5
194.681	129.5
195.042	124.5
195.401	129.5
195.761	130.5
196.122	122.5
196.481	124.5
196.841	133.5
197.2	115.5
197.561	115.5
197.92	124.5
198.28	117.5
198.639	128.5
199	125.5
199.359	121.5
199.718	120.5
200.078	120.5
200.438	119.5
200.798	117.5
201.157	113.5
201.516	125.5
201.877	126.5
202.236	122.5
202.595	123.5
202.954	118.5
203.313	125.5
203.674	129.5
204.033	120.5
204.392	122.5
204.751	123.5
205.11	126.5
205.471	118.5
205.83	115.5
206.189	120.5
206.548	122.5
206.907	117.5
207.266	126.5
207.626	128.5
207.985	126.5
208.344	124.5
208.703	128.5
209.062	140.5
209.42	127.5
209.779	142.5
210.138	134.5
210.498	141.5
210.857	144.5
211.216	125.5
211.575	147.5
211.933	155.5
212.292	134.5
212.651	135.5
213.01	148.5
213.368	140.5
213.727	126.5
214.085	131.5
214.444	135.5
214.804	115.5
215.163	133.5
215.521	127.5
215.88	129.5
216.238	120.5
216.597	124.5
216.955	119.5
217.314	106.5
217.672	124.5
218.031	114.5
218.389	115.5
218.748	116.5
219.106	109.5
219.464	117.5
219.823	109.5
220.181	120.5
220.539	104.5
220.898	110.5
221.256	117.5
221.614	98.5
221.973	102.5
222.331	106.5
222.689	119.5
223.047	114.5
223.405	110.5
223.762	113.5
224.12	114.5
224.479	119.5
224.837	127.5
225.195	112.5
225.553	115.5
225.911	108.5
226.269	123.5
226.627	112.5
226.985	113.5
227.343	115.5
227.701	113.5
228.058	120.5
228.416	122.5
228.773	115.5
229.131	120.5
229.489	110.5
229.847	119.5
230.205	123.5
230.563	126.5
230.919	134.5
231.277	131.5
231.635	133.5
231.993	126.5
232.351	138.5
232.708	115.5
233.065	133.5
233.422	107.5
233.78	124.5
234.138	129.5
234.495	140.5
234.852	128.5
235.209	131.5
235.567	135.5
235.925	141.5
236.282	133.5
236.638	142.5
236.996	144.5
237.353	147.5
237.711	137.5
238.067	144.5
238.425	139.5
238.782	136.5
239.139	147.5
239.495	140.5
239.853	140.5
240.21	122.5
240.568	142.5
240.924	138.5
241.281	140.5
241.638	132.5
241.996	137.5
242.352	139.5
242.709	132.5
243.066	136.5
243.422	137.5
243.779	132.5
244.136	134.5
244.492	130.5
244.849	140.5
245.207	134.5
245.562	128.5
245.919	139.5
246.277	130.5
246.632	131.5
246.989	130.5
247.346	139.5
247.702	123.5
248.059	136.5
248.416	132.5
248.772	137.5
249.129	148.5
249.484	137.5
249.841	136.5
250.198	157.5
250.554	144.5
250.911	136.5
251.266	150.5
251.623	142.5
251.98	157.5
252.335	146.5
252.692	151.5
253.047	143.5
253.404	155.5
253.76	144.5
254.116	162.5
254.473	157.5
254.828	146.5
255.185	161.5
255.54	168.5
255.897	150.5
256.252	151.5
256.609	161.5
256.964	165.5
257.321	174.5
257.676	147.5
258.032	160.5
258.388	156.5
258.744	161.5
259.099	159.5
259.456	141.5
259.811	139.5
260.167	143.5
260.522	134.5
260.879	131.5
261.234	130.5
261.59	149.5
261.945	133.5
262.301	142.5
262.656	129.5
263.011	129.5
263.368	140.5
263.723	135.5
264.079	125.5
264.434	123.5
264.79	127.5
265.145	137.5
265.5	120.5
265.856	117.5
266.211	116.5
266.567	126.5
266.921	119.5
267.276	119.5
267.632	116.5
267.987	119.5
268.342	115.5
268.698	125.5
269.052	122.5
269.408	115.5
269.763	126.5
270.118	111.5
270.474	118.5
270.828	103.5
271.183	114.5
271.539	108.5
271.893	107.5
272.248	115.5
272.604	114.5
272.958	114.5
273.312	122.5
273.667	110.5
274.023	116.5
274.377	119.5
274.731	108.5
275.087	110.5
275.442	116.5
275.796	114.5
276.15	125.5
276.506	112.5
276.86	111.5
277.214	119.5
277.569	112.5
277.924	115.5
278.279	114.5
278.633	113.5
278.987	118.5
279.342	117.5
279.697	114.5
280.051	111.5
280.405	117.5
280.759	111.5
281.114	115.5
281.469	118.5
281.823	118.5
282.177	118.5
282.531	113.5
282.886	121.5
283.24	124.5
283.594	115.5
283.948	109.5
284.302	116.5
284.656	123.5
285.011	122.5
285.365	118.5
285.719	113.5
286.073	121.5
286.427	116.5
286.78	114.5
287.134	118.5
287.489	122.5
287.843	124.5
288.197	122.5
288.551	121.5
288.904	126.5
289.258	129.5
289.612	128.5
289.965	128.5
290.319	133.5
290.673	131.5
291.026	126.5
291.381	131.5
291.735	145.5
292.088	132.5
292.442	151.5
292.795	152.5
293.149	140.5
293.503	153.5
293.856	150.5
294.209	164.5
294.563	155.5
294.916	146.5
295.27	164.5
295.623	162.5
295.977	153.5
296.33	151.5
296.683	151.5
297.037	150.5
297.39	165.5
297.743	161.5
298.097	153.5
298.45	174.5
298.803	163.5
299.156	168.5
299.51	172.5
299.863	172.5
300.216	172.5
300.569	174.5
300.922	191.5
301.275	184.5
301.627	204.5
301.98	215.5
302.333	207.5
302.686	226.5
303.039	216.5
303.392	244.5
303.746	251.5
304.099	253.5
304.452	264.5
304.804	294.5
305.156	279.5
305.509	301.5
305.862	319.5
306.215	342.5
306.568	380.5
306.921	407.5
307.273	418.5
307.626	453.5
307.978	462.5
308.331	560.5
308.683	585.5
309.036	675.5
309.389	746.5
309.742	754.5
310.093	875.5
310.446	916.5
310.798	969.5
311.151	999.5
311.504	1022.5
311.855	995.5
312.208	975.5
312.56	890.5
312.913	783.5
313.265	761.5
313.617	696.5
313.969	644.5
314.322	583.5
314.674	531.5
315.025	476.5
315.378	444.5
315.73	417.5
316.083	381.5
316.434	399.5
316.786	366.5
317.138	344.5
317.489	317.5
317.842	287.5
318.194	270.5
318.547	262.5
318.897	266.5
319.25	259.5
319.602	246.5
319.953	218.5
320.305	231.5
320.657	225.5
321.008	203.5
321.36	212.5
321.713	197.5
322.063	189.5
322.416	211.5
322.768	191.5
323.118	179.5
323.471	172.5
323.823	184.5
324.173	162.5
324.525	164.5
324.876	170.5
325.228	172.5
325.58	155.5
325.931	163.5
326.283	159.5
326.633	149.5
326.985	158.5
327.337	145.5
327.688	143.5
328.039	145.5
328.39	134.5
328.742	149.5
329.094	137.5
329.444	134.5
329.796	142.5
330.146	127.5
330.498	135.5
330.848	139.5
331.2	139.5
331.551	144.5
331.902	140.5
332.253	138.5
332.604	120.5
332.954	131.5
333.306	127.5
333.656	122.5
334.008	124.5
334.358	123.5
334.71	128.5
335.06	142.5
335.411	125.5
335.762	120.5
336.113	132.5
