39.5698	147
39.941	140
40.3108	143
40.6805	145
41.0503	132
41.42	126
41.7897	129
42.1593	134
42.529	128
42.9001	132
43.2697	136
43.6393	145
44.0089	142
44.3784	126
44.748	135
45.1175	125
45.487	125
45.8565	123
46.226	134
46.5955	131
46.9649	126
47.3343	131
47.7052	124
48.0746	123
48.4439	150
48.8133	182
49.1826	167
49.5519	145
49.9212	132
50.2905	137
50.6598	146
51.029	145
51.3982	158
51.7675	155
52.1366	163
52.5058	199
52.875	211
53.2441	283
53.6132	371
53.9823	415
54.3514	399
54.7205	400
55.0895	599
55.4586	998
55.8276	1164
56.1966	768
56.5641	415
56.9331	256
57.302	246
57.671	224
58.0399	201
58.4088	213
58.7776	223
59.1465	306
59.5153	392
59.8841	478
60.2529	537
60.6217	457
60.9905	412
61.3578	422
61.7265	489
62.0953	632
62.464	836
62.8326	1106
63.2013	1271
63.5699	1254
63.9386	1070
64.3057	843
64.6743	614
65.0429	564
65.4114	465
65.78	420
66.1485	339
66.517	255
66.884	231
67.2525	205
67.621	168
67.9894	172
68.3578	153
68.7248	146
69.0931	155
69.4615	147
69.8299	138
70.1982	143
70.565	149
70.9333	144
71.3016	148
71.6699	146
72.0381	148
72.4049	160
72.7731	203
73.1413	243
73.5094	308
73.8762	351
74.2443	386
74.6124	331
74.9805	277
75.3471	213
75.7152	171
76.0832	139
76.4513	140
76.8178	119
77.1858	125
77.5538	113
77.9203	138
78.2883	127
78.6562	128
79.0241	117
79.3905	123
79.7584	110
80.1262	113
80.4926	108
80.8605	113
81.2282	119
81.5946	111
81.9624	108
82.3301	114
82.6964	103
83.0641	108
83.4318	107
83.798	117
84.1657	109
84.5319	124
84.8995	110
85.2671	113
85.6333	109
86.0008	107
86.3684	112
86.7345	132
87.102	128
87.468	113
87.8355	114
88.2016	121
88.569	116
88.9364	120
89.3024	128
89.6698	130
90.0357	126
90.4031	143
90.769	138
91.1363	123
91.5036	121
91.8695	113
92.2368	121
92.6026	116
92.9698	109
93.3356	104
93.7028	110
94.0685	112
94.4357	110
94.8014	119
95.1685	109
95.5342	118
95.9013	126
96.267	114
96.634	113
96.9996	110
97.3666	146
97.7322	215
98.0992	210
98.4647	169
98.8317	119
99.1972	100
99.5641	116
99.9296	112
100.296	105
100.662	105
101.027	118
101.394	110
101.76	113
102.126	117
102.492	122
102.858	113
103.224	115
103.589	124
103.956	123
104.321	105
104.688	115
105.053	108
105.418	115
105.785	119
106.15	117
106.515	114
106.882	111
107.247	104
107.613	116
107.978	112
108.343	108
108.71	117
109.075	117
109.44	115
109.806	125
110.171	126
110.536	126
110.903	108
111.268	114
111.633	113
111.999	112
112.364	111
112.729	114
113.093	103
113.46	112
113.825	102
114.189	99
114.555	99
114.92	105
115.285	108
115.65	114
116.016	107
116.381	104
116.745	114
117.11	105
117.476	109
117.841	107
118.205	111
118.57	99
118.936	102
119.3	101
119.665	100
120.029	101
120.394	102
120.76	103
121.124	106
121.489	107
121.853	101
122.217	107
122.583	101
122.948	105
123.312	108
123.676	107
124.041	103
124.406	110
124.771	102
125.135	110
125.499	110
125.863	98
126.228	107
126.592	97
126.957	100
127.322	105
127.686	96
128.05	107
128.414	99
128.778	110
129.142	104
129.506	106
129.87	106
130.236	108
130.6	107
130.964	109
131.328	111
131.692	111
132.056	106
132.419	116
132.783	105
133.147	101
133.511	112
133.875	107
134.239	98
134.603	107
134.966	108
135.33	109
135.694	96
136.058	112
136.421	113
136.785	115
137.149	118
137.514	113
137.878	111
138.241	107
138.603	109
138.967	101
139.331	112
139.694	109
140.058	102
140.421	94
140.785	105
141.148	100
141.512	114
141.875	104
142.239	107
142.602	107
142.966	99
143.329	100
143.692	107
144.056	105
144.419	103
144.782	109
145.146	106
145.509	99
145.871	106
146.234	112
146.597	101
146.961	106
147.324	110
147.687	98
148.05	115
148.413	100
148.777	108
149.138	104
149.501	103
149.864	110
150.228	96
150.591	108
150.954	104
151.317	107
151.678	100
152.041	108
152.404	106
152.767	114
153.13	113
153.492	97
153.854	105
154.217	113
154.58	116
154.943	113
155.304	113
155.667	116
156.03	123
156.393	137
156.756	130
157.117	127
157.48	143
157.842	119
158.205	114
158.566	124
158.929	111
159.292	112
159.654	112
160.015	105
160.378	111
160.741	104
161.103	113
161.464	101
161.827	107
162.189	112
162.55	111
162.913	113
163.275	108
163.638	116
163.999	114
164.361	107
164.724	113
165.085	104
165.447	105
165.809	110
166.17	110
166.532	104
166.895	108
167.256	111
167.618	105
167.979	108
168.341	108
168.703	105
169.064	110
169.426	117
169.788	115
170.149	111
170.511	103
170.872	112
171.234	107
171.596	111
171.956	109
172.318	109
172.679	125
173.041	111
173.401	118
173.763	119
174.125	107
174.486	107
174.848	114
175.208	127
175.57	115
175.931	114
176.292	112
176.653	112
177.015	124
177.375	121
177.737	120
178.098	128
178.459	124
178.821	129
179.181	129
179.542	121
179.903	137
180.264	128
180.625	135
180.985	130
181.346	137
181.707	141
182.068	144
182.428	130
182.79	129
183.15	152
183.511	150
183.871	158
184.233	162
184.593	144
184.953	145
185.314	147
185.674	153
186.036	155
186.396	156
186.757	173
187.117	152
187.477	166
187.838	171
188.198	144
188.559	161
188.919	166
189.279	154
189.64	146
190	139
190.359	150
190.721	146
191.08	152
191.44	161
191.801	137
192.161	149
192.52	148
192.882	138
193.241	141
193.601	140
193.962	142
194.321	138
194.681	129
195.042	139
195.401	130
195.761	151
196.122	133
196.481	135
196.841	124
197.2	126
197.561	128
197.92	143
198.28	129
198.639	135
199	133
199.359	132
199.718	140
200.078	131
200.438	118
200.798	130
201.157	126
201.516	133
201.877	135
202.236	144
202.595	142
202.954	128
203.313	131
203.674	121
204.033	132
204.392	143
204.751	139
205.11	133
205.471	140
205.83	131
206.189	140
206.548	156
206.907	138
207.266	144
207.626	145
207.985	148
208.344	152
208.703	169
209.062	145
209.42	162
209.779	165
210.138	181
210.498	184
210.857	190
211.216	191
211.575	199
211.933	182
212.292	177
212.651	173
213.01	183
213.368	172
213.727	160
214.085	157
214.444	161
214.804	157
215.163	137
215.521	144
215.88	136
216.238	120
216.597	133
216.955	123
217.314	117
217.672	121
218.031	124
218.389	122
218.748	120
219.106	127
219.464	122
219.823	121
220.181	131
220.539	121
220.898	126
221.256	123
221.614	126
221.973	119
222.331	117
222.689	118
223.047	114
223.405	117
223.762	117
224.12	118
224.479	117
224.837	107
225.195	112
225.553	112
225.911	117
226.269	120
226.627	126
226.985	115
227.343	128
227.701	118
228.058	125
228.416	112
228.773	133
229.131	125
229.489	112
229.847	136
230.205	135
230.563	147
230.919	117
231.277	140
231.635	143
231.993	130
232.351	136
232.708	139
233.065	140
233.422	153
233.78	147
234.138	133
234.495	148
234.852	147
235.209	135
235.567	157
235.925	164
236.282	164
236.638	150
236.996	154
237.353	157
237.711	163
238.067	172
238.425	173
238.782	157
239.139	160
239.495	172
239.853	172
240.21	161
240.568	184
240.924	172
241.281	162
241.638	166
241.996	165
242.352	150
242.709	160
243.066	158
243.422	155
243.779	164
244.136	161
244.492	146
244.849	148
245.207	149
245.562	152
245.919	164
246.277	157
246.632	149
246.989	168
247.346	150
247.702	141
248.059	161
248.416	163
248.772	155
249.129	163
249.484	162
249.841	162
250.198	170
250.554	171
250.911	173
251.266	164
251.623	187
251.98	177
252.335	176
252.692	190
253.047	185
253.404	197
253.76	182
254.116	199
254.473	176
254.828	193
255.185	196
255.54	195
255.897	194
256.252	190
256.609	204
256.964	187
257.321	179
257.676	175
258.032	177
258.388	175
258.744	178
259.099	170
259.456	155
259.811	168
260.167	167
260.522	163
260.879	160
261.234	156
261.59	147
261.945	155
262.301	146
262.656	149
263.011	146
263.368	157
263.723	150
264.079	157
264.434	144
264.79	134
265.145	141
265.5	137
265.856	138
266.211	133
266.567	140
266.921	139
267.276	128
267.632	130
267.987	129
268.342	135
268.698	138
269.052	126
269.408	117
269.763	122
270.118	127
270.474	127
270.828	122
271.183	122
271.539	122
271.893	127
272.248	124
272.604	124
272.958	118
273.312	123
273.667	120
274.023	125
274.377	112
274.731	121
275.087	123
275.442	114
275.796	134
276.15	126
276.506	115
276.86	120
277.214	110
277.569	126
277.924	127
278.279	119
278.633	124
278.987	122
279.342	112
279.697	117
280.051	121
280.405	113
280.759	127
281.114	126
281.469	107
281.823	113
282.177	124
282.531	116
282.886	112
283.24	120
283.594	130
283.948	124
284.302	125
284.656	114
285.011	129
285.365	121
285.719	124
286.073	130
286.427	122
286.78	131
287.134	137
287.489	131
287.843	141
288.197	129
288.551	144
288.904	133
289.258	129
289.612	132
289.965	140
290.319	145
290.673	147
291.026	146
291.381	148
291.735	155
292.088	143
292.442	158
292.795	175
293.149	150
293.503	165
293.856	153
294.209	174
294.563	167
294.916	174
295.27	181
295.623	174
295.977	186
296.33	199
296.683	187
297.037	200
297.39	197
297.743	194
298.097	186
298.45	222
298.803	216
299.156	211
299.51	229
299.863	223
300.216	243
300.569	229
300.922	264
301.275	247
301.627	273
301.98	270
302.333	307
302.686	290
303.039	309
303.392	323
303.746	372
304.099	343
304.452	400
304.804	390
305.156	419
305.509	468
305.862	498
306.215	519
306.568	585
306.921	658
307.273	652
307.626	748
307.978	813
308.331	863
308.683	978
309.036	1040
309.389	1090
309.742	1222
310.093	1332
310.446	1376
310.798	1407
311.151	1492
311.504	1469
311.855	1414
312.208	1345
312.56	1280
312.913	1197
313.265	1150
313.617	1041
313.969	959
314.322	904
314.674	848
315.025	791
315.378	752
315.73	698
316.083	689
316.434	638
316.786	641
317.138	613
317.489	559
317.842	507
318.194	515
318.547	464
318.897	460
319.25	416
319.602	417
319.953	396
320.305	365
320.657	366
321.008	333
321.36	320
321.713	304
322.063	273
322.416	288
322.768	270
323.118	252
323.471	225
323.823	239
324.173	243
324.525	232
324.876	210
325.228	221
325.58	207
325.931	213
326.283	198
326.633	195
326.985	182
327.337	182
327.688	176
328.039	167
328.39	170
328.742	175
329.094	183
329.444	159
329.796	164
330.146	171
330.498	181
330.848	174
331.2	154
331.551	162
331.902	162
332.253	169
332.604	148
332.954	162
333.306	167
333.656	153
334.008	161
334.358	154
334.71	159
335.06	160
335.411	131
335.762	141
336.113	149
