39.5698	131.5
39.941	132.5
40.3108	114.5
40.6805	119.5
41.0503	116.5
41.42	115.5
41.7897	116.5
42.1593	103.5
42.529	120.5
42.9001	107.5
43.2697	112.5
43.6393	109.5
44.0089	108.5
44.3784	118.5
44.748	110.5
45.1175	113.5
45.487	107.5
45.8565	104.5
46.226	104.5
46.5955	110.5
46.9649	115.5
47.3343	122.5
47.7052	118.5
48.0746	122.5
48.4439	118.5
48.8133	131.5
49.1826	120.5
49.5519	114.5
49.9212	110.5
50.2905	119.5
50.6598	124.5
51.029	117.5
51.3982	132.5
51.7675	136.5
52.1366	159.5
52.5058	173.5
52.875	209.5
53.2441	241.5
53.6132	318.5
53.9823	381.5
54.3514	330.5
54.7205	296.5
55.0895	314.5
55.4586	475.5
55.8276	622.5
56.1966	471.5
56.5641	265.5
56.9331	178.5
57.302	177.5
57.671	156.5
58.0399	144.5
58.4088	175.5
58.7776	199.5
59.1465	267.5
59.5153	413.5
59.8841	475.5
60.2529	480.5
60.6217	397.5
60.9905	295.5
61.3578	256.5
61.7265	261.5
62.0953	305.5
62.464	390.5
62.8326	476.5
63.2013	605.5
63.5699	689.5
63.9386	583.5
64.3057	519.5
64.6743	443.5
65.0429	412.5
65.4114	428.5
65.78	422.5
66.1485	298.5
66.517	220.5
66.884	189.5
67.2525	162.5
67.621	135.5
67.9894	145.5
68.3578	126.5
68.7248	126.5
69.0931	119.5
69.4615	116.5
69.8299	120.5
70.1982	121.5
70.565	127.5
70.9333	118.5
71.3016	107.5
71.6699	124.5
72.0381	127.5
72.4049	121.5
72.7731	140.5
73.1413	153.5
73.5094	186.5
73.8762	220.5
74.2443	246.5
74.6124	217.5
74.9805	198.5
75.3471	153.5
75.7152	128.5
76.0832	119.5
76.4513	115.5
76.8178	108.5
77.1858	109.5
77.5538	101.5
77.9203	102.5
78.2883	97.5
78.6562	108.5
79.0241	104.5
79.3905	97.5
79.7584	91.5
80.1262	96.5
80.4926	100.5
80.8605	98.5
81.2282	93.5
81.5946	91.5
81.9624	91.5
82.3301	99.5
82.6964	98.5
83.0641	93.5
83.4318	88.5
83.798	96.5
84.1657	94.5
84.5319	104.5
84.8995	93.5
85.2671	90.5
85.6333	89.5
86.0008	100.5
86.3684	96.5
86.7345	102.5
87.102	108.5
87.468	96.5
87.8355	104.5
88.2016	106.5
88.569	107.5
88.9364	105.5
89.3024	112.5
89.6698	131.5
90.0357	137.5
90.4031	133.5
90.769	133.5
91.1363	118.5
91.5036	116.5
91.8695	96.5
92.2368	95.5
92.6026	98.5
92.9698	92.5
93.3356	92.5
93.7028	98.5
94.0685	95.5
94.4357	94.5
94.8014	99.5
95.1685	103.5
95.5342	92.5
95.9013	103.5
96.267	103.5
96.634	96.5
96.9996	98.5
97.3666	106.5
97.7322	136.5
98.0992	126.5
98.4647	121.5
98.8317	107.5
99.1972	90.5
99.5641	88.5
99.9296	95.5
100.296	100.5
100.662	98.5
101.027	95.5
101.394	98.5
101.76	99.5
102.126	102.5
102.492	97.5
102.858	92.5
103.224	90.5
103.589	94.5
103.956	91.5
104.321	101.5
104.688	91.5
105.053	95.5
105.418	91.5
105.785	94.5
106.15	97.5
106.515	93.5
106.882	95.5
107.247	100.5
107.613	88.5
107.978	98.5
108.343	87.5
108.71	94.5
109.075	97.5
109.44	102.5
109.806	105.5
110.171	99.5
110.536	103.5
110.903	100.5
111.268	98.5
111.633	96.5
111.999	94.5
112.364	95.5
112.729	88.5
113.093	96.5
113.46	86.5
113.825	98.5
114.189	94.5
114.555	89.5
114.92	95.5
115.285	90.5
115.65	87.5
116.016	100.5
116.381	97.5
116.745	95.5
117.11	94.5
117.476	91.5
117.841	98.5
118.205	92.5
118.57	87.5
118.936	100.5
119.3	92.5
119.665	90.5
120.029	101.5
120.394	99.5
120.76	94.5
121.124	96.5
121.489	102.5
121.853	92.5
122.217	96.5
122.583	94.5
122.948	102.5
123.312	94.5
123.676	92.5
124.041	94.5
124.406	99.5
124.771	99.5
125.135	95.5
125.499	90.5
125.863	99.5
126.228	87.5
126.592	92.5
126.957	90.5
127.322	94.5
127.686	83.5
128.05	97.5
128.414	94.5
128.778	93.5
129.142	95.5
129.506	99.5
129.87	97.5
130.236	94.5
130.6	103.5
130.964	84.5
131.328	100.5
131.692	97.5
132.056	99.5
132.419	89.5
132.783	98.5
133.147	97.5
133.511	91.5
133.875	83.5
134.239	103.5
134.603	90.5
134.966	95.5
135.33	95.5
135.694	105.5
136.058	94.5
136.421	99.5
136.785	90.5
137.149	95.5
137.514	92.5
137.878	93.5
138.241	90.5
138.603	95.5
138.967	92.5
139.331	95.5
139.694	97.5
140.058	90.5
140.421	89.5
140.785	90.5
141.148	95.5
141.512	95.5
141.875	95.5
142.239	86.5
142.602	93.5
142.966	101.5
143.329	102.5
143.692	98.5
144.056	95.5
144.419	94.5
144.782	86.5
145.146	96.5
145.509	100.5
145.871	98.5
146.234	90.5
146.597	94.5
146.961	92.5
147.324	89.5
147.687	92.5
148.05	98.5
148.413	98.5
148.777	92.5
149.138	99.5
149.501	95.5
149.864	90.5
150.228	93.5
150.591	98.5
150.954	91.5
151.317	94.5
151.678	93.5
152.041	98.5
152.404	103.5
152.767	104.5
153.13	110.5
153.492	101.5
153.854	103.5
154.217	113.5
154.58	108.5
154.943	106.5
155.304	106.5
155.667	104.5
156.03	122.5
156.393	126.5
156.756	123.5
157.117	127.5
157.48	121.5
157.842	117.5
158.205	120.5
158.566	109.5
158.929	104.5
159.292	108.5
159.654	104.5
160.015	110.5
160.378	97.5
160.741	89.5
161.103	97.5
161.464	92.5
161.827	97.5
162.189	96.5
162.55	88.5
162.913	94.5
163.275	97.5
163.638	90.5
163.999	103.5
164.361	90.5
164.724	101.5
165.085	92.5
165.447	98.5
165.809	93.5
166.17	111.5
166.532	103.5
166.895	104.5
167.256	104.5
167.618	95.5
167.979	113.5
168.341	96.5
168.703	105.5
169.064	100.5
169.426	100.5
169.788	96.5
170.149	99.5
170.511	92.5
170.872	99.5
171.234	99.5
171.596	96.5
171.956	111.5
172.318	97.5
172.679	101.5
173.041	104.5
173.401	107.5
173.763	100.5
174.125	109.5
174.486	93.5
174.848	105.5
175.208	98.5
175.57	102.5
175.931	104.5
176.292	99.5
176.653	100.5
177.015	110.5
177.375	106.5
177.737	111.5
178.098	111.5
178.459	106.5
178.821	119.5
179.181	112.5
179.542	110.5
179.903	109.5
180.264	104.5
180.625	115.5
180.985	106.5
181.346	121.5
181.707	119.5
182.068	117.5
182.428	125.5
182.79	125.5
183.15	120.5
183.511	128.5
183.871	133.5
184.233	128.5
184.593	136.5
184.953	135.5
185.314	144.5
185.674	146.5
186.036	139.5
186.396	141.5
186.757	141.5
187.117	151.5
187.477	146.5
187.838	149.5
188.198	151.5
188.559	137.5
188.919	148.5
189.279	142.5
189.64	127.5
190	134.5
190.359	125.5
190.721	127.5
191.08	137.5
191.44	132.5
191.801	135.5
192.161	124.5
192.52	128.5
192.882	117.5
193.241	129.5
193.601	110.5
193.962	123.5
194.321	123.5
194.681	120.5
195.042	119.5
195.401	122.5
195.761	120.5
196.122	114.5
196.481	120.5
196.841	121.5
197.2	111.5
197.561	115.5
197.92	120.5
198.28	122.5
198.639	123.5
199	120.5
199.359	109.5
199.718	108.5
200.078	109.5
200.438	116.5
200.798	126.5
201.157	113.5
201.516	121.5
201.877	117.5
202.236	112.5
202.595	111.5
202.954	126.5
203.313	126.5
203.674	113.5
204.033	114.5
204.392	116.5
204.751	110.5
205.11	127.5
205.471	115.5
205.83	117.5
206.189	111.5
206.548	120.5
206.907	125.5
207.266	129.5
207.626	128.5
207.985	111.5
208.344	118.5
208.703	123.5
209.062	131.5
209.42	135.5
209.779	138.5
210.138	137.5
210.498	151.5
210.857	136.5
211.216	134.5
211.575	136.5
211.933	147.5
212.292	147.5
212.651	136.5
213.01	149.5
213.368	135.5
213.727	134.5
214.085	118.5
214.444	131.5
214.804	133.5
215.163	125.5
215.521	118.5
215.88	131.5
216.238	121.5
216.597	114.5
216.955	111.5
217.314	118.5
217.672	108.5
218.031	112.5
218.389	101.5
218.748	113.5
219.106	116.5
219.464	112.5
219.823	109.5
220.181	112.5
220.539	110.5
220.898	105.5
221.256	107.5
221.614	94.5
221.973	116.5
222.331	116.5
222.689	112.5
223.047	107.5
223.405	97.5
223.762	112.5
224.12	107.5
224.479	108.5
224.837	105.5
225.195	100.5
225.553	115.5
225.911	112.5
226.269	101.5
226.627	104.5
226.985	109.5
227.343	117.5
227.701	112.5
228.058	112.5
228.416	109.5
228.773	108.5
229.131	122.5
229.489	110.5
229.847	122.5
230.205	117.5
230.563	105.5
230.919	115.5
231.277	123.5
231.635	113.5
231.993	107.5
232.351	123.5
232.708	113.5
233.065	123.5
233.422	117.5
233.78	121.5
234.138	128.5
234.495	117.5
234.852	115.5
235.209	114.5
235.567	111.5
235.925	121.5
236.282	132.5
236.638	129.5
236.996	113.5
237.353	122.5
237.711	119.5
238.067	124.5
238.425	122.5
238.782	120.5
239.139	118.5
239.495	124.5
239.853	120.5
240.21	122.5
240.568	122.5
240.924	118.5
241.281	127.5
241.638	125.5
241.996	124.5
242.352	125.5
242.709	107.5
243.066	110.5
243.422	122.5
243.779	119.5
244.136	119.5
244.492	121.5
244.849	124.5
245.207	125.5
245.562	123.5
245.919	129.5
246.277	120.5
246.632	126.5
246.989	122.5
247.346	125.5
247.702	126.5
248.059	128.5
248.416	135.5
248.772	126.5
249.129	134.5
249.484	134.5
249.841	120.5
250.198	118.5
250.554	138.5
250.911	135.5
251.266	140.5
251.623	130.5
251.98	138.5
252.335	135.5
252.692	141.5
253.047	150.5
253.404	135.5
253.76	152.5
254.116	141.5
254.473	129.5
254.828	127.5
255.185	148.5
255.54	162.5
255.897	153.5
256.252	149.5
256.609	159.5
256.964	134.5
257.321	140.5
257.676	147.5
258.032	151.5
258.388	144.5
258.744	138.5
259.099	133.5
259.456	144.5
259.811	137.5
260.167	139.5
260.522	127.5
260.879	135.5
261.234	134.5
261.59	125.5
261.945	123.5
262.301	129.5
262.656	119.5
263.011	121.5
263.368	116.5
263.723	117.5
264.079	119.5
264.434	119.5
264.79	118.5
265.145	113.5
265.5	128.5
265.856	103.5
266.211	118.5
266.567	114.5
266.921	115.5
267.276	115.5
267.632	118.5
267.987	110.5
268.342	114.5
268.698	109.5
269.052	112.5
269.408	115.5
269.763	115.5
270.118	106.5
270.474	115.5
270.828	107.5
271.183	111.5
271.539	113.5
271.893	108.5
272.248	103.5
272.604	112.5
272.958	106.5
273.312	113.5
273.667	105.5
274.023	114.5
274.377	98.5
274.731	112.5
275.087	110.5
275.442	106.5
275.796	116.5
276.15	99.5
276.506	115.5
276.86	106.5
277.214	105.5
277.569	105.5
277.924	109.5
278.279	105.5
278.633	107.5
278.987	104.5
279.342	112.5
279.697	110.5
280.051	91.5
280.405	114.5
280.759	113.5
281.114	109.5
281.469	106.5
281.823	100.5
282.177	116.5
282.531	109.5
282.886	115.5
283.24	122.5
283.594	109.5
283.948	101.5
284.302	116.5
284.656	110.5
285.011	108.5
285.365	110.5
285.719	116.5
286.073	105.5
286.427	106.5
286.78	118.5
287.134	112.5
287.489	113.5
287.843	114.5
288.197	109.5
288.551	105.5
288.904	120.5
289.258	121.5
289.612	111.5
289.965	120.5
290.319	121.5
290.673	117.5
291.026	130.5
291.381	129.5
291.735	113.5
292.088	128.5
292.442	128.5
292.795	132.5
293.149	115.5
293.503	122.5
293.856	126.5
294.209	137.5
294.563	137.5
294.916	126.5
295.27	140.5
295.623	131.5
295.977	134.5
296.33	143.5
296.683	119.5
297.037	116.5
297.39	137.5
297.743	129.5
298.097	137.5
298.45	145.5
298.803	137.5
299.156	144.5
299.51	150.5
299.863	159.5
300.216	147.5
300.569	154.5
300.922	149.5
301.275	156.5
301.627	158.5
301.98	162.5
302.333	148.5
302.686	160.5
303.039	169.5
303.392	177.5
303.746	190.5
304.099	185.5
304.452	190.5
304.804	184.5
305.156	213.5
305.509	242.5
305.862	226.5
306.215	248.5
306.568	260.5
306.921	284.5
307.273	281.5
307.626	330.5
307.978	339.5
308.331	369.5
308.683	410.5
309.036	411.5
309.389	468.5
309.742	511.5
310.093	520.5
310.446	578.5
310.798	567.5
311.151	622.5
311.504	630.5
311.855	586.5
312.208	589.5
312.56	583.5
312.913	528.5
313.265	485.5
313.617	460.5
313.969	414.5
314.322	387.5
314.674	324.5
315.025	303.5
315.378	302.5
315.73	266.5
316.083	242.5
316.434	245.5
316.786	236.5
317.138	223.5
317.489	222.5
317.842	219.5
318.194	213.5
318.547	193.5
318.897	196.5
319.25	178.5
319.602	167.5
319.953	158.5
320.305	175.5
320.657	153.5
321.008	166.5
321.36	157.5
321.713	161.5
322.063	141.5
322.416	150.5
322.768	145.5
323.118	140.5
323.471	140.5
323.823	138.5
324.173	143.5
324.525	142.5
324.876	133.5
325.228	122.5
325.58	129.5
325.931	130.5
326.283	123.5
326.633	129.5
326.985	142.5
327.337	133.5
327.688	122.5
328.039	133.5
328.39	117.5
328.742	124.5
329.094	125.5
329.444	118.5
329.796	117.5
330.146	118.5
330.498	123.5
330.848	123.5
331.2	124.5
331.551	123.5
331.902	119.5
332.253	111.5
332.604	111.5
332.954	116.5
333.306	122.5
333.656	117.5
334.008	120.5
334.358	111.5
334.71	116.5
335.06	113.5
335.411	126.5
335.762	116.5
336.113	111.5
