39.5698	137.5
39.941	130.5
40.3108	133.5
40.6805	143.5
41.0503	127.5
41.42	138.5
41.7897	138.5
42.1593	143.5
42.529	147.5
42.9001	140.5
43.2697	144.5
43.6393	140.5
44.0089	148.5
44.3784	148.5
44.748	128.5
45.1175	134.5
45.487	126.5
45.8565	142.5
46.226	146.5
46.5955	141.5
46.9649	139.5
47.3343	140.5
47.7052	148.5
48.0746	136.5
48.4439	147.5
48.8133	194.5
49.1826	178.5
49.5519	130.5
49.9212	143.5
50.2905	142.5
50.6598	148.5
51.029	148.5
51.3982	152.5
51.7675	157.5
52.1366	192.5
52.5058	198.5
52.875	203.5
53.2441	271.5
53.6132	346.5
53.9823	371.5
54.3514	356.5
54.7205	377.5
55.0895	504.5
55.4586	848.5
55.8276	995.5
56.1966	640.5
56.5641	385.5
56.9331	286.5
57.302	247.5
57.671	248.5
58.0399	231.5
58.4088	244.5
58.7776	266.5
59.1465	371.5
59.5153	475.5
59.8841	619.5
60.2529	642.5
60.6217	540.5
60.9905	498.5
61.3578	527.5
61.7265	637.5
62.0953	796.5
62.464	1153.5
62.8326	1520.5
63.2013	1730.5
63.5699	1725.5
63.9386	1493.5
64.3057	1097.5
64.6743	849.5
65.0429	693.5
65.4114	632.5
65.78	534.5
66.1485	427.5
66.517	312.5
66.884	282.5
67.2525	239.5
67.621	209.5
67.9894	205.5
68.3578	182.5
68.7248	171.5
69.0931	184.5
69.4615	162.5
69.8299	154.5
70.1982	144.5
70.565	153.5
70.9333	165.5
71.3016	144.5
71.6699	171.5
72.0381	188.5
72.4049	201.5
72.7731	205.5
73.1413	289.5
73.5094	378.5
73.8762	477.5
74.2443	458.5
74.6124	397.5
74.9805	337.5
75.3471	251.5
75.7152	202.5
76.0832	164.5
76.4513	157.5
76.8178	149.5
77.1858	147.5
77.5538	140.5
77.9203	128.5
78.2883	130.5
78.6562	133.5
79.0241	125.5
79.3905	118.5
79.7584	125.5
80.1262	120.5
80.4926	122.5
80.8605	122.5
81.2282	119.5
81.5946	110.5
81.9624	116.5
82.3301	108.5
82.6964	113.5
83.0641	119.5
83.4318	111.5
83.798	121.5
84.1657	104.5
84.5319	122.5
84.8995	112.5
85.2671	119.5
85.6333	101.5
86.0008	124.5
86.3684	125.5
86.7345	125.5
87.102	126.5
87.468	122.5
87.8355	121.5
88.2016	121.5
88.569	120.5
88.9364	132.5
89.3024	134.5
89.6698	136.5
90.0357	153.5
90.4031	155.5
90.769	161.5
91.1363	142.5
91.5036	123.5
91.8695	124.5
92.2368	128.5
92.6026	117.5
92.9698	113.5
93.3356	119.5
93.7028	129.5
94.0685	119.5
94.4357	118.5
94.8014	117.5
95.1685	120.5
95.5342	130.5
95.9013	137.5
96.267	124.5
96.634	117.5
96.9996	111.5
97.3666	147.5
97.7322	231.5
98.0992	234.5
98.4647	172.5
98.8317	122.5
99.1972	112.5
99.5641	121.5
99.9296	122.5
100.296	116.5
100.662	124.5
101.027	111.5
101.394	117.5
101.76	119.5
102.126	115.5
102.492	117.5
102.858	115.5
103.224	120.5
103.589	129.5
103.956	117.5
104.321	117.5
104.688	116.5
105.053	125.5
105.418	125.5
105.785	121.5
106.15	115.5
106.515	125.5
106.882	119.5
107.247	118.5
107.613	109.5
107.978	124.5
108.343	124.5
108.71	125.5
109.075	122.5
109.44	124.5
109.806	132.5
110.171	121.5
110.536	130.5
110.903	131.5
111.268	119.5
111.633	115.5
111.999	119.5
112.364	115.5
112.729	122.5
113.093	117.5
113.46	113.5
113.825	123.5
114.189	118.5
114.555	114.5
114.92	113.5
115.285	108.5
115.65	117.5
116.016	108.5
116.381	113.5
116.745	107.5
117.11	104.5
117.476	104.5
117.841	107.5
118.205	107.5
118.57	100.5
118.936	102.5
119.3	113.5
119.665	107.5
120.029	110.5
120.394	112.5
120.76	113.5
121.124	113.5
121.489	120.5
121.853	114.5
122.217	107.5
122.583	114.5
122.948	103.5
123.312	112.5
123.676	109.5
124.041	104.5
124.406	105.5
124.771	93.5
125.135	108.5
125.499	110.5
125.863	123.5
126.228	112.5
126.592	109.5
126.957	105.5
127.322	113.5
127.686	101.5
128.05	112.5
128.414	109.5
128.778	115.5
129.142	110.5
129.506	116.5
129.87	120.5
130.236	109.5
130.6	112.5
130.964	113.5
131.328	107.5
131.692	112.5
132.056	112.5
132.419	102.5
132.783	111.5
133.147	112.5
133.511	116.5
133.875	109.5
134.239	107.5
134.603	115.5
134.966	115.5
135.33	112.5
135.694	112.5
136.058	111.5
136.421	116.5
136.785	116.5
137.149	120.5
137.514	113.5
137.878	122.5
138.241	116.5
138.603	124.5
138.967	121.5
139.331	106.5
139.694	114.5
140.058	116.5
140.421	112.5
140.785	106.5
141.148	123.5
141.512	106.5
141.875	106.5
142.239	110.5
142.602	109.5
142.966	112.5
143.329	120.5
143.692	109.5
144.056	103.5
144.419	106.5
144.782	116.5
145.146	107.5
145.509	104.5
145.871	116.5
146.234	105.5
146.597	100.5
146.961	108.5
147.324	121.5
147.687	114.5
148.05	101.5
148.413	100.5
148.777	119.5
149.138	110.5
149.501	110.5
149.864	125.5
150.228	109.5
150.591	118.5
150.954	104.5
151.317	123.5
151.678	110.5
152.041	108.5
152.404	110.5
152.767	111.5
153.13	114.5
153.492	117.5
153.854	103.5
154.217	121.5
154.58	105.5
154.943	110.5
155.304	118.5
155.667	125.5
156.03	127.5
156.393	123.5
156.756	136.5
157.117	140.5
157.48	134.5
157.842	132.5
158.205	125.5
158.566	123.5
158.929	118.5
159.292	110.5
159.654	121.5
160.015	111.5
160.378	119.5
160.741	120.5
161.103	104.5
161.464	110.5
161.827	115.5
162.189	113.5
162.55	109.5
162.913	114.5
163.275	112.5
163.638	113.5
163.999	111.5
164.361	118.5
164.724	113.5
165.085	112.5
165.447	113.5
165.809	115.5
166.17	115.5
166.532	121.5
166.895	115.5
167.256	119.5
167.618	122.5
167.979	122.5
168.341	120.5
168.703	115.5
169.064	117.5
169.426	118.5
169.788	130.5
170.149	113.5
170.511	111.5
170.872	125.5
171.234	118.5
171.596	124.5
171.956	123.5
172.318	122.5
172.679	111.5
173.041	122.5
173.401	128.5
173.763	118.5
174.125	117.5
174.486	126.5
174.848	123.5
175.208	122.5
175.57	127.5
175.931	126.5
176.292	129.5
176.653	127.5
177.015	137.5
177.375	128.5
177.737	131.5
178.098	134.5
178.459	144.5
178.821	128.5
179.181	133.5
179.542	141.5
179.903	142.5
180.264	151.5
180.625	140.5
180.985	154.5
181.346	146.5
181.707	153.5
182.068	160.5
182.428	171.5
182.79	169.5
183.15	176.5
183.511	182.5
183.871	180.5
184.233	180.5
184.593	176.5
184.953	193.5
185.314	183.5
185.674	184.5
186.036	177.5
186.396	200.5
186.757	198.5
187.117	179.5
187.477	187.5
187.838	193.5
188.198	189.5
188.559	189.5
188.919	176.5
189.279	183.5
189.64	168.5
190	180.5
190.359	168.5
190.721	164.5
191.08	150.5
191.44	155.5
191.801	159.5
192.161	163.5
192.52	156.5
192.882	164.5
193.241	152.5
193.601	136.5
193.962	145.5
194.321	146.5
194.681	128.5
195.042	155.5
195.401	143.5
195.761	129.5
196.122	142.5
196.481	135.5
196.841	129.5
197.2	141.5
197.561	136.5
197.92	133.5
198.28	138.5
198.639	135.5
199	151.5
199.359	125.5
199.718	130.5
200.078	138.5
200.438	124.5
200.798	142.5
201.157	125.5
201.516	141.5
201.877	133.5
202.236	130.5
202.595	124.5
202.954	126.5
203.313	141.5
203.674	128.5
204.033	142.5
204.392	131.5
204.751	136.5
205.11	138.5
205.471	129.5
205.83	134.5
206.189	143.5
206.548	136.5
206.907	143.5
207.266	138.5
207.626	160.5
207.985	149.5
208.344	149.5
208.703	134.5
209.062	169.5
209.42	165.5
209.779	167.5
210.138	163.5
210.498	170.5
210.857	174.5
211.216	181.5
211.575	171.5
211.933	179.5
212.292	171.5
212.651	164.5
213.01	160.5
213.368	163.5
213.727	158.5
214.085	159.5
214.444	148.5
214.804	148.5
215.163	136.5
215.521	153.5
215.88	144.5
216.238	140.5
216.597	140.5
216.955	139.5
217.314	120.5
217.672	134.5
218.031	126.5
218.389	127.5
218.748	115.5
219.106	127.5
219.464	120.5
219.823	123.5
220.181	147.5
220.539	118.5
220.898	132.5
221.256	137.5
221.614	126.5
221.973	127.5
222.331	121.5
222.689	133.5
223.047	128.5
223.405	132.5
223.762	127.5
224.12	125.5
224.479	134.5
224.837	114.5
225.195	120.5
225.553	135.5
225.911	139.5
226.269	134.5
226.627	127.5
226.985	135.5
227.343	123.5
227.701	144.5
228.058	134.5
228.416	144.5
228.773	148.5
229.131	142.5
229.489	145.5
229.847	147.5
230.205	147.5
230.563	164.5
230.919	133.5
231.277	148.5
231.635	167.5
231.993	154.5
232.351	163.5
232.708	154.5
233.065	171.5
233.422	158.5
233.78	164.5
234.138	170.5
234.495	181.5
234.852	172.5
235.209	170.5
235.567	173.5
235.925	164.5
236.282	192.5
236.638	188.5
236.996	181.5
237.353	199.5
237.711	208.5
238.067	203.5
238.425	201.5
238.782	197.5
239.139	208.5
239.495	196.5
239.853	194.5
240.21	204.5
240.568	202.5
240.924	204.5
241.281	206.5
241.638	183.5
241.996	184.5
242.352	200.5
242.709	208.5
243.066	198.5
243.422	188.5
243.779	191.5
244.136	167.5
244.492	177.5
244.849	180.5
245.207	179.5
245.562	169.5
245.919	169.5
246.277	180.5
246.632	164.5
246.989	173.5
247.346	179.5
247.702	183.5
248.059	168.5
248.416	165.5
248.772	178.5
249.129	169.5
249.484	168.5
249.841	169.5
250.198	167.5
250.554	182.5
250.911	175.5
251.266	194.5
251.623	189.5
251.98	181.5
252.335	169.5
252.692	174.5
253.047	190.5
253.404	168.5
253.76	185.5
254.116	181.5
254.473	188.5
254.828	194.5
255.185	204.5
255.54	200.5
255.897	190.5
256.252	189.5
256.609	192.5
256.964	191.5
257.321	185.5
257.676	178.5
258.032	183.5
258.388	179.5
258.744	182.5
259.099	164.5
259.456	192.5
259.811	172.5
260.167	175.5
260.522	172.5
260.879	157.5
261.234	170.5
261.59	162.5
261.945	142.5
262.301	159.5
262.656	156.5
263.011	165.5
263.368	161.5
263.723	152.5
264.079	156.5
264.434	158.5
264.79	153.5
265.145	143.5
265.5	157.5
265.856	145.5
266.211	142.5
266.567	150.5
266.921	145.5
267.276	139.5
267.632	139.5
267.987	139.5
268.342	124.5
268.698	133.5
269.052	146.5
269.408	129.5
269.763	145.5
270.118	149.5
270.474	136.5
270.828	137.5
271.183	137.5
271.539	139.5
271.893	137.5
272.248	132.5
272.604	135.5
272.958	128.5
273.312	131.5
273.667	138.5
274.023	132.5
274.377	127.5
274.731	139.5
275.087	131.5
275.442	132.5
275.796	129.5
276.15	133.5
276.506	130.5
276.86	135.5
277.214	134.5
277.569	134.5
277.924	130.5
278.279	133.5
278.633	134.5
278.987	127.5
279.342	134.5
279.697	126.5
280.051	130.5
280.405	128.5
280.759	134.5
281.114	127.5
281.469	120.5
281.823	135.5
282.177	129.5
282.531	132.5
282.886	143.5
283.24	117.5
283.594	128.5
283.948	134.5
284.302	131.5
284.656	123.5
285.011	134.5
285.365	136.5
285.719	135.5
286.073	139.5
286.427	131.5
286.78	146.5
287.134	150.5
287.489	134.5
287.843	146.5
288.197	149.5
288.551	150.5
288.904	140.5
289.258	168.5
289.612	158.5
289.965	147.5
290.319	172.5
290.673	183.5
291.026	169.5
291.381	178.5
291.735	179.5
292.088	168.5
292.442	174.5
292.795	188.5
293.149	191.5
293.503	190.5
293.856	204.5
294.209	194.5
294.563	208.5
294.916	218.5
295.27	225.5
295.623	217.5
295.977	227.5
296.33	229.5
296.683	238.5
297.037	231.5
297.39	229.5
297.743	239.5
298.097	263.5
298.45	266.5
298.803	244.5
299.156	278.5
299.51	285.5
299.863	281.5
300.216	276.5
300.569	287.5
300.922	318.5
301.275	339.5
301.627	324.5
301.98	364.5
302.333	358.5
302.686	401.5
303.039	406.5
303.392	438.5
303.746	460.5
304.099	443.5
304.452	526.5
304.804	509.5
305.156	572.5
305.509	609.5
305.862	636.5
306.215	732.5
306.568	771.5
306.921	824.5
307.273	927.5
307.626	1008.5
307.978	1056.5
308.331	1150.5
308.683	1306.5
309.036	1450.5
309.389	1561.5
309.742	1651.5
310.093	1822.5
310.446	1914.5
310.798	2020.5
311.151	2025.5
311.504	2021.5
311.855	1963.5
312.208	1824.5
312.56	1728.5
312.913	1604.5
313.265	1510.5
313.617	1365.5
313.969	1299.5
314.322	1240.5
314.674	1110.5
315.025	1106.5
315.378	1025.5
315.73	968.5
316.083	874.5
316.434	829.5
316.786	780.5
317.138	815.5
317.489	718.5
317.842	702.5
318.194	636.5
318.547	630.5
318.897	600.5
319.25	536.5
319.602	522.5
319.953	477.5
320.305	447.5
320.657	418.5
321.008	429.5
321.36	406.5
321.713	376.5
322.063	360.5
322.416	338.5
322.768	324.5
323.118	315.5
323.471	314.5
323.823	301.5
324.173	289.5
324.525	294.5
324.876	286.5
325.228	269.5
325.58	267.5
325.931	251.5
326.283	246.5
326.633	252.5
326.985	240.5
327.337	241.5
327.688	210.5
328.039	240.5
328.39	210.5
328.742	209.5
329.094	198.5
329.444	210.5
329.796	199.5
330.146	197.5
330.498	188.5
330.848	215.5
331.2	182.5
331.551	192.5
331.902	187.5
332.253	188.5
332.604	178.5
332.954	187.5
333.306	188.5
333.656	182.5
334.008	171.5
334.358	186.5
334.71	176.5
335.06	171.5
335.411	167.5
335.762	180.5
336.113	178.5
