39.5698	186.5
39.941	156.5
40.3108	159.5
40.6805	146.5
41.0503	163.5
41.42	167.5
41.7897	149.5
42.1593	157.5
42.529	155.5
42.9001	157.5
43.2697	172.5
43.6393	142.5
44.0089	161.5
44.3784	164.5
44.748	155.5
45.1175	153.5
45.487	148.5
45.8565	156.5
46.226	142.5
46.5955	158.5
46.9649	165.5
47.3343	145.5
47.7052	155.5
48.0746	156.5
48.4439	160.5
48.8133	220.5
49.1826	209.5
49.5519	186.5
49.9212	166.5
50.2905	156.5
50.6598	159.5
51.029	150.5
51.3982	166.5
51.7675	159.5
52.1366	186.5
52.5058	190.5
52.875	191.5
53.2441	215.5
53.6132	261.5
53.9823	309.5
54.3514	293.5
54.7205	294.5
55.0895	271.5
55.4586	352.5
55.8276	423.5
56.1966	347.5
56.5641	284.5
56.9331	251.5
57.302	279.5
57.671	310.5
58.0399	296.5
58.4088	301.5
58.7776	363.5
59.1465	498.5
59.5153	700.5
59.8841	903.5
60.2529	907.5
60.6217	776.5
60.9905	671.5
61.3578	739.5
61.7265	865.5
62.0953	1171.5
62.464	1526.5
62.8326	2113.5
63.2013	2534.5
63.5699	2579.5
63.9386	2357.5
64.3057	1787.5
64.6743	1384.5
65.0429	1154.5
65.4114	1024.5
65.78	882.5
66.1485	671.5
66.517	472.5
66.884	402.5
67.2525	327.5
67.621	296.5
67.9894	264.5
68.3578	230.5
68.7248	220.5
69.0931	204.5
69.4615	195.5
69.8299	196.5
70.1982	199.5
70.565	186.5
70.9333	209.5
71.3016	191.5
71.6699	204.5
72.0381	214.5
72.4049	251.5
72.7731	275.5
73.1413	351.5
73.5094	427.5
73.8762	572.5
74.2443	673.5
74.6124	568.5
74.9805	454.5
75.3471	300.5
75.7152	273.5
76.0832	240.5
76.4513	181.5
76.8178	177.5
77.1858	177.5
77.5538	160.5
77.9203	159.5
78.2883	154.5
78.6562	148.5
79.0241	163.5
79.3905	150.5
79.7584	132.5
80.1262	136.5
80.4926	131.5
80.8605	133.5
81.2282	132.5
81.5946	132.5
81.9624	128.5
82.3301	128.5
82.6964	123.5
83.0641	147.5
83.4318	131.5
83.798	143.5
84.1657	135.5
84.5319	126.5
84.8995	124.5
85.2671	131.5
85.6333	127.5
86.0008	138.5
86.3684	138.5
86.7345	145.5
87.102	144.5
87.468	144.5
87.8355	134.5
88.2016	146.5
88.569	150.5
88.9364	156.5
89.3024	163.5
89.6698	185.5
90.0357	189.5
90.4031	196.5
90.769	209.5
91.1363	167.5
91.5036	149.5
91.8695	153.5
92.2368	153.5
92.6026	138.5
92.9698	129.5
93.3356	138.5
93.7028	127.5
94.0685	140.5
94.4357	143.5
94.8014	149.5
95.1685	130.5
95.5342	143.5
95.9013	149.5
96.267	133.5
96.634	134.5
96.9996	140.5
97.3666	154.5
97.7322	264.5
98.0992	316.5
98.4647	232.5
98.8317	176.5
99.1972	141.5
99.5641	119.5
99.9296	128.5
100.296	127.5
100.662	124.5
101.027	137.5
101.394	131.5
101.76	133.5
102.126	136.5
102.492	127.5
102.858	136.5
103.224	129.5
103.589	137.5
103.956	131.5
104.321	140.5
104.688	146.5
105.053	133.5
105.418	134.5
105.785	130.5
106.15	133.5
106.515	138.5
106.882	147.5
107.247	141.5
107.613	125.5
107.978	140.5
108.343	135.5
108.71	143.5
109.075	141.5
109.44	141.5
109.806	151.5
110.171	134.5
110.536	147.5
110.903	137.5
111.268	143.5
111.633	132.5
111.999	124.5
112.364	135.5
112.729	136.5
113.093	126.5
113.46	134.5
113.825	126.5
114.189	121.5
114.555	108.5
114.92	122.5
115.285	123.5
115.65	116.5
116.016	121.5
116.381	118.5
116.745	111.5
117.11	109.5
117.476	114.5
117.841	122.5
118.205	124.5
118.57	118.5
118.936	112.5
119.3	122.5
119.665	119.5
120.029	120.5
120.394	123.5
120.76	120.5
121.124	118.5
121.489	116.5
121.853	111.5
122.217	121.5
122.583	122.5
122.948	115.5
123.312	111.5
123.676	107.5
124.041	123.5
124.406	117.5
124.771	111.5
125.135	119.5
125.499	126.5
125.863	116.5
126.228	134.5
126.592	115.5
126.957	119.5
127.322	127.5
127.686	114.5
128.05	107.5
128.414	129.5
128.778	133.5
129.142	121.5
129.506	125.5
129.87	139.5
130.236	132.5
130.6	130.5
130.964	120.5
131.328	130.5
131.692	127.5
132.056	127.5
132.419	121.5
132.783	130.5
133.147	131.5
133.511	119.5
133.875	129.5
134.239	129.5
134.603	125.5
134.966	128.5
135.33	121.5
135.694	125.5
136.058	135.5
136.421	117.5
136.785	129.5
137.149	126.5
137.514	126.5
137.878	130.5
138.241	123.5
138.603	126.5
138.967	130.5
139.331	124.5
139.694	128.5
140.058	122.5
140.421	104.5
140.785	117.5
141.148	118.5
141.512	121.5
141.875	126.5
142.239	119.5
142.602	123.5
142.966	122.5
143.329	118.5
143.692	121.5
144.056	124.5
144.419	117.5
144.782	118.5
145.146	122.5
145.509	125.5
145.871	113.5
146.234	116.5
146.597	117.5
146.961	124.5
147.324	120.5
147.687	117.5
148.05	127.5
148.413	123.5
148.777	115.5
149.138	121.5
149.501	124.5
149.864	123.5
150.228	124.5
150.591	125.5
150.954	113.5
151.317	130.5
151.678	123.5
152.041	122.5
152.404	130.5
152.767	116.5
153.13	125.5
153.492	120.5
153.854	122.5
154.217	120.5
154.58	131.5
154.943	125.5
155.304	131.5
155.667	138.5
156.03	134.5
156.393	138.5
156.756	137.5
157.117	144.5
157.48	138.5
157.842	148.5
158.205	137.5
158.566	132.5
158.929	134.5
159.292	135.5
159.654	109.5
160.015	135.5
160.378	132.5
160.741	120.5
161.103	121.5
161.464	125.5
161.827	126.5
162.189	116.5
162.55	117.5
162.913	119.5
163.275	124.5
163.638	127.5
163.999	127.5
164.361	109.5
164.724	132.5
165.085	128.5
165.447	123.5
165.809	129.5
166.17	129.5
166.532	121.5
166.895	132.5
167.256	108.5
167.618	133.5
167.979	132.5
168.341	134.5
168.703	138.5
169.064	124.5
169.426	133.5
169.788	141.5
170.149	130.5
170.511	134.5
170.872	131.5
171.234	135.5
171.596	147.5
171.956	148.5
172.318	141.5
172.679	139.5
173.041	127.5
173.401	150.5
173.763	148.5
174.125	146.5
174.486	149.5
174.848	150.5
175.208	162.5
175.57	143.5
175.931	155.5
176.292	143.5
176.653	151.5
177.015	160.5
177.375	151.5
177.737	170.5
178.098	176.5
178.459	169.5
178.821	165.5
179.181	178.5
179.542	172.5
179.903	177.5
180.264	181.5
180.625	187.5
180.985	198.5
181.346	186.5
181.707	197.5
182.068	219.5
182.428	223.5
182.79	220.5
183.15	216.5
183.511	248.5
183.871	261.5
184.233	237.5
184.593	224.5
184.953	273.5
185.314	289.5
185.674	272.5
186.036	273.5
186.396	294.5
186.757	267.5
187.117	278.5
187.477	289.5
187.838	292.5
188.198	266.5
188.559	276.5
188.919	232.5
189.279	230.5
189.64	244.5
190	202.5
190.359	234.5
190.721	204.5
191.08	212.5
191.44	188.5
191.801	193.5
192.161	191.5
192.52	183.5
192.882	170.5
193.241	172.5
193.601	167.5
193.962	169.5
194.321	166.5
194.681	168.5
195.042	160.5
195.401	157.5
195.761	159.5
196.122	155.5
196.481	149.5
196.841	147.5
197.2	145.5
197.561	133.5
197.92	148.5
198.28	150.5
198.639	150.5
199	139.5
199.359	138.5
199.718	132.5
200.078	138.5
200.438	136.5
200.798	144.5
201.157	134.5
201.516	125.5
201.877	147.5
202.236	141.5
202.595	136.5
202.954	133.5
203.313	131.5
203.674	128.5
204.033	133.5
204.392	128.5
204.751	123.5
205.11	128.5
205.471	138.5
205.83	132.5
206.189	130.5
206.548	136.5
206.907	128.5
207.266	134.5
207.626	125.5
207.985	135.5
208.344	143.5
208.703	139.5
209.062	138.5
209.42	147.5
209.779	140.5
210.138	147.5
210.498	136.5
210.857	145.5
211.216	147.5
211.575	133.5
211.933	153.5
212.292	140.5
212.651	133.5
213.01	137.5
213.368	148.5
213.727	143.5
214.085	139.5
214.444	141.5
214.804	129.5
215.163	128.5
215.521	130.5
215.88	138.5
216.238	150.5
216.597	126.5
216.955	140.5
217.314	130.5
217.672	130.5
218.031	125.5
218.389	125.5
218.748	136.5
219.106	134.5
219.464	134.5
219.823	123.5
220.181	138.5
220.539	148.5
220.898	141.5
221.256	141.5
221.614	156.5
221.973	146.5
222.331	139.5
222.689	139.5
223.047	151.5
223.405	140.5
223.762	137.5
224.12	147.5
224.479	161.5
224.837	149.5
225.195	159.5
225.553	155.5
225.911	159.5
226.269	157.5
226.627	154.5
226.985	179.5
227.343	157.5
227.701	188.5
228.058	180.5
228.416	181.5
228.773	176.5
229.131	187.5
229.489	187.5
229.847	179.5
230.205	172.5
230.563	187.5
230.919	183.5
231.277	194.5
231.635	218.5
231.993	212.5
232.351	207.5
232.708	218.5
233.065	228.5
233.422	205.5
233.78	209.5
234.138	222.5
234.495	222.5
234.852	246.5
235.209	250.5
235.567	250.5
235.925	280.5
236.282	275.5
236.638	278.5
236.996	278.5
237.353	268.5
237.711	282.5
238.067	264.5
238.425	255.5
238.782	271.5
239.139	275.5
239.495	295.5
239.853	281.5
240.21	285.5
240.568	288.5
240.924	266.5
241.281	276.5
241.638	282.5
241.996	269.5
242.352	295.5
242.709	263.5
243.066	249.5
243.422	224.5
243.779	236.5
244.136	233.5
244.492	228.5
244.849	238.5
245.207	223.5
245.562	216.5
245.919	250.5
246.277	211.5
246.632	203.5
246.989	210.5
247.346	191.5
247.702	205.5
248.059	202.5
248.416	199.5
248.772	199.5
249.129	201.5
249.484	181.5
249.841	205.5
250.198	206.5
250.554	186.5
250.911	187.5
251.266	198.5
251.623	209.5
251.98	180.5
252.335	196.5
252.692	204.5
253.047	202.5
253.404	200.5
253.76	187.5
254.116	204.5
254.473	201.5
254.828	186.5
255.185	176.5
255.54	176.5
255.897	192.5
256.252	187.5
256.609	198.5
256.964	187.5
257.321	192.5
257.676	190.5
258.032	178.5
258.388	198.5
258.744	192.5
259.099	193.5
259.456	186.5
259.811	188.5
260.167	173.5
260.522	168.5
260.879	168.5
261.234	173.5
261.59	177.5
261.945	176.5
262.301	173.5
262.656	178.5
263.011	172.5
263.368	159.5
263.723	176.5
264.079	164.5
264.434	170.5
264.79	158.5
265.145	172.5
265.5	166.5
265.856	163.5
266.211	151.5
266.567	163.5
266.921	157.5
267.276	158.5
267.632	153.5
267.987	157.5
268.342	156.5
268.698	146.5
269.052	148.5
269.408	154.5
269.763	153.5
270.118	151.5
270.474	135.5
270.828	158.5
271.183	161.5
271.539	154.5
271.893	140.5
272.248	158.5
272.604	138.5
272.958	138.5
273.312	142.5
273.667	145.5
274.023	145.5
274.377	152.5
274.731	149.5
275.087	140.5
275.442	148.5
275.796	148.5
276.15	156.5
276.506	142.5
276.86	161.5
277.214	150.5
277.569	148.5
277.924	147.5
278.279	150.5
278.633	155.5
278.987	157.5
279.342	150.5
279.697	138.5
280.051	154.5
280.405	147.5
280.759	157.5
281.114	139.5
281.469	141.5
281.823	151.5
282.177	144.5
282.531	146.5
282.886	162.5
283.24	157.5
283.594	155.5
283.948	161.5
284.302	161.5
284.656	157.5
285.011	156.5
285.365	173.5
285.719	167.5
286.073	165.5
286.427	167.5
286.78	172.5
287.134	188.5
287.489	185.5
287.843	180.5
288.197	188.5
288.551	176.5
288.904	224.5
289.258	202.5
289.612	202.5
289.965	204.5
290.319	206.5
290.673	214.5
291.026	211.5
291.381	218.5
291.735	231.5
292.088	238.5
292.442	258.5
292.795	249.5
293.149	236.5
293.503	270.5
293.856	268.5
294.209	279.5
294.563	276.5
294.916	276.5
295.27	293.5
295.623	277.5
295.977	302.5
296.33	286.5
296.683	333.5
297.037	331.5
297.39	328.5
297.743	352.5
298.097	324.5
298.45	352.5
298.803	349.5
299.156	365.5
299.51	378.5
299.863	375.5
300.216	405.5
300.569	425.5
300.922	460.5
301.275	447.5
301.627	454.5
301.98	490.5
302.333	500.5
302.686	525.5
303.039	571.5
303.392	591.5
303.746	625.5
304.099	647.5
304.452	703.5
304.804	800.5
305.156	820.5
305.509	866.5
305.862	915.5
306.215	993.5
306.568	1109.5
306.921	1203.5
307.273	1325.5
307.626	1485.5
307.978	1598.5
308.331	1771.5
308.683	1962.5
309.036	2165.5
309.389	2406.5
309.742	2626.5
310.093	2769.5
310.446	2947.5
310.798	3027.5
311.151	3183.5
311.504	3045.5
311.855	3058.5
312.208	2869.5
312.56	2718.5
312.913	2570.5
313.265	2322.5
313.617	2225.5
313.969	2069.5
314.322	1861.5
314.674	1749.5
315.025	1620.5
315.378	1531.5
315.73	1417.5
316.083	1355.5
316.434	1278.5
316.786	1196.5
317.138	1119.5
317.489	1097.5
317.842	1056.5
318.194	934.5
318.547	875.5
318.897	849.5
319.25	754.5
319.602	785.5
319.953	698.5
320.305	659.5
320.657	656.5
321.008	595.5
321.36	554.5
321.713	491.5
322.063	513.5
322.416	485.5
322.768	475.5
323.118	442.5
323.471	433.5
323.823	385.5
324.173	383.5
324.525	357.5
324.876	351.5
325.228	377.5
325.58	355.5
325.931	346.5
326.283	349.5
326.633	309.5
326.985	304.5
327.337	315.5
327.688	288.5
328.039	281.5
328.39	273.5
328.742	269.5
329.094	262.5
329.444	259.5
329.796	258.5
330.146	256.5
330.498	252.5
330.848	216.5
331.2	237.5
331.551	215.5
331.902	219.5
332.253	214.5
332.604	240.5
332.954	210.5
333.306	241.5
333.656	222.5
334.008	211.5
334.358	193.5
334.71	208.5
335.06	217.5
335.411	209.5
335.762	211.5
336.113	205.5
