39.5698	158.5
39.941	140.5
40.3108	153.5
40.6805	155.5
41.0503	156.5
41.42	151.5
41.7897	145.5
42.1593	153.5
42.529	146.5
42.9001	145.5
43.2697	159.5
43.6393	158.5
44.0089	159.5
44.3784	160.5
44.748	149.5
45.1175	148.5
45.487	139.5
45.8565	157.5
46.226	144.5
46.5955	146.5
46.9649	154.5
47.3343	143.5
47.7052	141.5
48.0746	149.5
48.4439	168.5
48.8133	220.5
49.1826	214.5
49.5519	182.5
49.9212	149.5
50.2905	147.5
50.6598	148.5
51.029	151.5
51.3982	156.5
51.7675	166.5
52.1366	173.5
52.5058	179.5
52.875	170.5
53.2441	225.5
53.6132	243.5
53.9823	272.5
54.3514	276.5
54.7205	243.5
55.0895	261.5
55.4586	279.5
55.8276	296.5
56.1966	272.5
56.5641	232.5
56.9331	256.5
57.302	269.5
57.671	296.5
58.0399	298.5
58.4088	295.5
58.7776	376.5
59.1465	479.5
59.5153	734.5
59.8841	977.5
60.2529	953.5
60.6217	774.5
60.9905	723.5
61.3578	778.5
61.7265	910.5
62.0953	1146.5
62.464	1613.5
62.8326	2237.5
63.2013	2703.5
63.5699	2826.5
63.9386	2405.5
64.3057	1851.5
64.6743	1418.5
65.0429	1244.5
65.4114	1055.5
65.78	897.5
66.1485	650.5
66.517	513.5
66.884	428.5
67.2525	332.5
67.621	268.5
67.9894	256.5
68.3578	236.5
68.7248	209.5
69.0931	219.5
69.4615	208.5
69.8299	200.5
70.1982	190.5
70.565	189.5
70.9333	208.5
71.3016	196.5
71.6699	211.5
72.0381	202.5
72.4049	243.5
72.7731	295.5
73.1413	330.5
73.5094	500.5
73.8762	609.5
74.2443	634.5
74.6124	607.5
74.9805	463.5
75.3471	311.5
75.7152	261.5
76.0832	204.5
76.4513	171.5
76.8178	172.5
77.1858	162.5
77.5538	159.5
77.9203	141.5
78.2883	144.5
78.6562	145.5
79.0241	144.5
79.3905	138.5
79.7584	134.5
80.1262	128.5
80.4926	136.5
80.8605	129.5
81.2282	121.5
81.5946	125.5
81.9624	118.5
82.3301	127.5
82.6964	126.5
83.0641	120.5
83.4318	126.5
83.798	131.5
84.1657	135.5
84.5319	123.5
84.8995	129.5
85.2671	129.5
85.6333	120.5
86.0008	131.5
86.3684	126.5
86.7345	138.5
87.102	139.5
87.468	128.5
87.8355	136.5
88.2016	140.5
88.569	143.5
88.9364	157.5
89.3024	165.5
89.6698	164.5
90.0357	198.5
90.4031	202.5
90.769	193.5
91.1363	167.5
91.5036	149.5
91.8695	147.5
92.2368	138.5
92.6026	122.5
92.9698	131.5
93.3356	118.5
93.7028	134.5
94.0685	128.5
94.4357	145.5
94.8014	127.5
95.1685	131.5
95.5342	133.5
95.9013	135.5
96.267	124.5
96.634	132.5
96.9996	131.5
97.3666	150.5
97.7322	264.5
98.0992	305.5
98.4647	231.5
98.8317	148.5
99.1972	128.5
99.5641	131.5
99.9296	129.5
100.296	137.5
100.662	142.5
101.027	124.5
101.394	127.5
101.76	121.5
102.126	132.5
102.492	143.5
102.858	122.5
103.224	128.5
103.589	136.5
103.956	114.5
104.321	136.5
104.688	123.5
105.053	134.5
105.418	126.5
105.785	131.5
106.15	128.5
106.515	122.5
106.882	134.5
107.247	125.5
107.613	132.5
107.978	130.5
108.343	138.5
108.71	120.5
109.075	147.5
109.44	135.5
109.806	131.5
110.171	144.5
110.536	140.5
110.903	135.5
111.268	134.5
111.633	128.5
111.999	120.5
112.364	118.5
112.729	121.5
113.093	125.5
113.46	116.5
113.825	113.5
114.189	130.5
114.555	118.5
114.92	113.5
115.285	111.5
115.65	116.5
116.016	116.5
116.381	107.5
116.745	115.5
117.11	116.5
117.476	108.5
117.841	110.5
118.205	112.5
118.57	117.5
118.936	118.5
119.3	108.5
119.665	111.5
120.029	123.5
120.394	125.5
120.76	115.5
121.124	108.5
121.489	106.5
121.853	111.5
122.217	115.5
122.583	111.5
122.948	124.5
123.312	111.5
123.676	111.5
124.041	113.5
124.406	105.5
124.771	113.5
125.135	116.5
125.499	113.5
125.863	114.5
126.228	114.5
126.592	117.5
126.957	105.5
127.322	105.5
127.686	114.5
128.05	112.5
128.414	119.5
128.778	126.5
129.142	117.5
129.506	119.5
129.87	125.5
130.236	116.5
130.6	120.5
130.964	114.5
131.328	128.5
131.692	123.5
132.056	120.5
132.419	107.5
132.783	116.5
133.147	111.5
133.511	120.5
133.875	115.5
134.239	121.5
134.603	118.5
134.966	122.5
135.33	120.5
135.694	109.5
136.058	120.5
136.421	119.5
136.785	107.5
137.149	120.5
137.514	125.5
137.878	122.5
138.241	122.5
138.603	107.5
138.967	119.5
139.331	116.5
139.694	114.5
140.058	112.5
140.421	113.5
140.785	118.5
141.148	117.5
141.512	103.5
141.875	125.5
142.239	118.5
142.602	122.5
142.966	114.5
143.329	102.5
143.692	108.5
144.056	122.5
144.419	118.5
144.782	116.5
145.146	116.5
145.509	106.5
145.871	114.5
146.234	123.5
146.597	111.5
146.961	117.5
147.324	128.5
147.687	124.5
148.05	116.5
148.413	114.5
148.777	108.5
149.138	118.5
149.501	118.5
149.864	117.5
150.228	124.5
150.591	116.5
150.954	113.5
151.317	114.5
151.678	105.5
152.041	111.5
152.404	110.5
152.767	111.5
153.13	113.5
153.492	108.5
153.854	121.5
154.217	125.5
154.58	130.5
154.943	131.5
155.304	123.5
155.667	135.5
156.03	128.5
156.393	143.5
156.756	140.5
157.117	151.5
157.48	136.5
157.842	140.5
158.205	125.5
158.566	127.5
158.929	119.5
159.292	123.5
159.654	119.5
160.015	130.5
160.378	127.5
160.741	121.5
161.103	120.5
161.464	116.5
161.827	117.5
162.189	121.5
162.55	122.5
162.913	121.5
163.275	107.5
163.638	118.5
163.999	116.5
164.361	117.5
164.724	117.5
165.085	120.5
165.447	116.5
165.809	117.5
166.17	119.5
166.532	128.5
166.895	120.5
167.256	128.5
167.618	125.5
167.979	120.5
168.341	128.5
168.703	128.5
169.064	124.5
169.426	127.5
169.788	131.5
170.149	119.5
170.511	122.5
170.872	137.5
171.234	130.5
171.596	128.5
171.956	130.5
172.318	131.5
172.679	142.5
173.041	140.5
173.401	137.5
173.763	141.5
174.125	144.5
174.486	132.5
174.848	146.5
175.208	150.5
175.57	136.5
175.931	138.5
176.292	153.5
176.653	149.5
177.015	170.5
177.375	153.5
177.737	143.5
178.098	163.5
178.459	161.5
178.821	168.5
179.181	172.5
179.542	183.5
179.903	166.5
180.264	183.5
180.625	174.5
180.985	190.5
181.346	195.5
181.707	216.5
182.068	205.5
182.428	231.5
182.79	228.5
183.15	243.5
183.511	237.5
183.871	248.5
184.233	262.5
184.593	270.5
184.953	268.5
185.314	291.5
185.674	285.5
186.036	291.5
186.396	291.5
186.757	301.5
187.117	286.5
187.477	300.5
187.838	269.5
188.198	268.5
188.559	274.5
188.919	257.5
189.279	245.5
189.64	225.5
190	230.5
190.359	199.5
190.721	214.5
191.08	209.5
191.44	208.5
191.801	182.5
192.161	196.5
192.52	187.5
192.882	182.5
193.241	168.5
193.601	168.5
193.962	165.5
194.321	164.5
194.681	165.5
195.042	146.5
195.401	149.5
195.761	172.5
196.122	151.5
196.481	145.5
196.841	166.5
197.2	145.5
197.561	129.5
197.92	136.5
198.28	137.5
198.639	131.5
199	154.5
199.359	134.5
199.718	146.5
200.078	124.5
200.438	137.5
200.798	120.5
201.157	122.5
201.516	131.5
201.877	117.5
202.236	131.5
202.595	121.5
202.954	123.5
203.313	135.5
203.674	118.5
204.033	129.5
204.392	119.5
204.751	126.5
205.11	115.5
205.471	127.5
205.83	132.5
206.189	124.5
206.548	127.5
206.907	120.5
207.266	131.5
207.626	119.5
207.985	127.5
208.344	126.5
208.703	132.5
209.062	128.5
209.42	129.5
209.779	134.5
210.138	131.5
210.498	131.5
210.857	121.5
211.216	120.5
211.575	113.5
211.933	126.5
212.292	130.5
212.651	132.5
213.01	137.5
213.368	126.5
213.727	131.5
214.085	127.5
214.444	132.5
214.804	123.5
215.163	119.5
215.521	130.5
215.88	117.5
216.238	115.5
216.597	130.5
216.955	126.5
217.314	129.5
217.672	135.5
218.031	124.5
218.389	127.5
218.748	138.5
219.106	125.5
219.464	130.5
219.823	135.5
220.181	133.5
220.539	134.5
220.898	124.5
221.256	135.5
221.614	132.5
221.973	134.5
222.331	139.5
222.689	143.5
223.047	147.5
223.405	140.5
223.762	133.5
224.12	147.5
224.479	150.5
224.837	145.5
225.195	149.5
225.553	146.5
225.911	158.5
226.269	158.5
226.627	148.5
226.985	161.5
227.343	160.5
227.701	174.5
228.058	169.5
228.416	170.5
228.773	161.5
229.131	193.5
229.489	195.5
229.847	178.5
230.205	187.5
230.563	196.5
230.919	208.5
231.277	208.5
231.635	196.5
231.993	207.5
232.351	220.5
232.708	206.5
233.065	226.5
233.422	231.5
233.78	208.5
234.138	243.5
234.495	235.5
234.852	261.5
235.209	256.5
235.567	248.5
235.925	264.5
236.282	272.5
236.638	285.5
236.996	284.5
237.353	286.5
237.711	297.5
238.067	300.5
238.425	293.5
238.782	288.5
239.139	289.5
239.495	292.5
239.853	314.5
240.21	304.5
240.568	308.5
240.924	265.5
241.281	295.5
241.638	298.5
241.996	293.5
242.352	268.5
242.709	256.5
243.066	262.5
243.422	258.5
243.779	253.5
244.136	238.5
244.492	234.5
244.849	226.5
245.207	229.5
245.562	225.5
245.919	224.5
246.277	219.5
246.632	203.5
246.989	215.5
247.346	220.5
247.702	209.5
248.059	195.5
248.416	194.5
248.772	181.5
249.129	209.5
249.484	185.5
249.841	185.5
250.198	173.5
250.554	194.5
250.911	194.5
251.266	192.5
251.623	194.5
251.98	184.5
252.335	189.5
252.692	176.5
253.047	188.5
253.404	191.5
253.76	183.5
254.116	193.5
254.473	175.5
254.828	179.5
255.185	189.5
255.54	176.5
255.897	196.5
256.252	183.5
256.609	172.5
256.964	192.5
257.321	181.5
257.676	188.5
258.032	181.5
258.388	178.5
258.744	171.5
259.099	191.5
259.456	185.5
259.811	180.5
260.167	175.5
260.522	174.5
260.879	162.5
261.234	165.5
261.59	177.5
261.945	170.5
262.301	180.5
262.656	165.5
263.011	166.5
263.368	156.5
263.723	162.5
264.079	168.5
264.434	164.5
264.79	160.5
265.145	171.5
265.5	162.5
265.856	155.5
266.211	154.5
266.567	161.5
266.921	133.5
267.276	161.5
267.632	158.5
267.987	151.5
268.342	165.5
268.698	145.5
269.052	145.5
269.408	145.5
269.763	149.5
270.118	146.5
270.474	159.5
270.828	153.5
271.183	145.5
271.539	147.5
271.893	146.5
272.248	139.5
272.604	145.5
272.958	151.5
273.312	144.5
273.667	141.5
274.023	141.5
274.377	148.5
274.731	142.5
275.087	126.5
275.442	142.5
275.796	139.5
276.15	140.5
276.506	141.5
276.86	144.5
277.214	150.5
277.569	137.5
277.924	153.5
278.279	135.5
278.633	136.5
278.987	153.5
279.342	136.5
279.697	153.5
280.051	154.5
280.405	145.5
280.759	148.5
281.114	139.5
281.469	140.5
281.823	151.5
282.177	155.5
282.531	135.5
282.886	160.5
283.24	160.5
283.594	148.5
283.948	158.5
284.302	149.5
284.656	140.5
285.011	148.5
285.365	161.5
285.719	150.5
286.073	183.5
286.427	170.5
286.78	179.5
287.134	184.5
287.489	170.5
287.843	189.5
288.197	188.5
288.551	194.5
288.904	202.5
289.258	198.5
289.612	208.5
289.965	218.5
290.319	217.5
290.673	233.5
291.026	242.5
291.381	225.5
291.735	241.5
292.088	242.5
292.442	235.5
292.795	274.5
293.149	263.5
293.503	277.5
293.856	268.5
294.209	288.5
294.563	282.5
294.916	280.5
295.27	281.5
295.623	310.5
295.977	299.5
296.33	301.5
296.683	325.5
297.037	314.5
297.39	334.5
297.743	320.5
298.097	360.5
298.45	366.5
298.803	379.5
299.156	402.5
299.51	358.5
299.863	408.5
300.216	438.5
300.569	404.5
300.922	448.5
301.275	463.5
301.627	480.5
301.98	496.5
302.333	518.5
302.686	556.5
303.039	613.5
303.392	638.5
303.746	676.5
304.099	716.5
304.452	775.5
304.804	776.5
305.156	830.5
305.509	905.5
305.862	994.5
306.215	1100.5
306.568	1159.5
306.921	1314.5
307.273	1406.5
307.626	1526.5
307.978	1723.5
308.331	1850.5
308.683	2072.5
309.036	2250.5
309.389	2494.5
309.742	2715.5
310.093	2853.5
310.446	3029.5
310.798	3141.5
311.151	3336.5
311.504	3253.5
311.855	3147.5
312.208	3092.5
312.56	2887.5
312.913	2772.5
313.265	2508.5
313.617	2296.5
313.969	2114.5
314.322	1953.5
314.674	1796.5
315.025	1676.5
315.378	1612.5
315.73	1455.5
316.083	1364.5
316.434	1318.5
316.786	1266.5
317.138	1222.5
317.489	1085.5
317.842	1017.5
318.194	990.5
318.547	908.5
318.897	840.5
319.25	770.5
319.602	778.5
319.953	732.5
320.305	709.5
320.657	653.5
321.008	582.5
321.36	551.5
321.713	530.5
322.063	527.5
322.416	492.5
322.768	508.5
323.118	434.5
323.471	397.5
323.823	416.5
324.173	407.5
324.525	374.5
324.876	381.5
325.228	382.5
325.58	332.5
325.931	351.5
326.283	324.5
326.633	319.5
326.985	327.5
327.337	285.5
327.688	302.5
328.039	293.5
328.39	278.5
328.742	285.5
329.094	273.5
329.444	250.5
329.796	263.5
330.146	247.5
330.498	241.5
330.848	238.5
331.2	232.5
331.551	235.5
331.902	235.5
332.253	223.5
332.604	222.5
332.954	230.5
333.306	223.5
333.656	236.5
334.008	219.5
334.358	218.5
334.71	195.5
335.06	189.5
335.411	217.5
335.762	216.5
336.113	215.5
