39.5698	124.5
39.941	110.5
40.3108	107.5
40.6805	108.5
41.0503	111.5
41.42	101.5
41.7897	115.5
42.1593	95.5
42.529	105.5
42.9001	107.5
43.2697	103.5
43.6393	110.5
44.0089	116.5
44.3784	98.5
44.748	99.5
45.1175	108.5
45.487	105.5
45.8565	106.5
46.226	105.5
46.5955	111.5
46.9649	112.5
47.3343	105.5
47.7052	107.5
48.0746	105.5
48.4439	110.5
48.8133	126.5
49.1826	138.5
49.5519	115.5
49.9212	124.5
50.2905	115.5
50.6598	117.5
51.029	121.5
51.3982	143.5
51.7675	155.5
52.1366	164.5
52.5058	201.5
52.875	238.5
53.2441	374.5
53.6132	507.5
53.9823	584.5
54.3514	522.5
54.7205	398.5
55.0895	349.5
55.4586	424.5
55.8276	564.5
56.1966	470.5
56.5641	273.5
56.9331	184.5
57.302	162.5
57.671	149.5
58.0399	143.5
58.4088	153.5
58.7776	159.5
59.1465	193.5
59.5153	285.5
59.8841	354.5
60.2529	370.5
60.6217	290.5
60.9905	239.5
61.3578	187.5
61.7265	175.5
62.0953	183.5
62.464	213.5
62.8326	261.5
63.2013	291.5
63.5699	326.5
63.9386	300.5
64.3057	284.5
64.6743	275.5
65.0429	287.5
65.4114	280.5
65.78	283.5
66.1485	252.5
66.517	192.5
66.884	138.5
67.2525	130.5
67.621	122.5
67.9894	113.5
68.3578	114.5
68.7248	108.5
69.0931	105.5
69.4615	110.5
69.8299	102.5
70.1982	99.5
70.565	105.5
70.9333	103.5
71.3016	110.5
71.6699	109.5
72.0381	111.5
72.4049	112.5
72.7731	111.5
73.1413	111.5
73.5094	131.5
73.8762	155.5
74.2443	167.5
74.6124	143.5
74.9805	148.5
75.3471	124.5
75.7152	107.5
76.0832	107.5
76.4513	101.5
76.8178	102.5
77.1858	97.5
77.5538	93.5
77.9203	104.5
78.2883	102.5
78.6562	111.5
79.0241	100.5
79.3905	100.5
79.7584	90.5
80.1262	99.5
80.4926	100.5
80.8605	93.5
81.2282	95.5
81.5946	104.5
81.9624	97.5
82.3301	87.5
82.6964	97.5
83.0641	96.5
83.4318	93.5
83.798	97.5
84.1657	99.5
84.5319	90.5
84.8995	86.5
85.2671	99.5
85.6333	94.5
86.0008	100.5
86.3684	96.5
86.7345	103.5
87.102	99.5
87.468	106.5
87.8355	101.5
88.2016	103.5
88.569	99.5
88.9364	105.5
89.3024	103.5
89.6698	113.5
90.0357	127.5
90.4031	125.5
90.769	121.5
91.1363	114.5
91.5036	109.5
91.8695	90.5
92.2368	100.5
92.6026	97.5
92.9698	96.5
93.3356	95.5
93.7028	89.5
94.0685	96.5
94.4357	101.5
94.8014	113.5
95.1685	94.5
95.5342	101.5
95.9013	109.5
96.267	100.5
96.634	98.5
96.9996	99.5
97.3666	98.5
97.7322	130.5
98.0992	139.5
98.4647	123.5
98.8317	100.5
99.1972	100.5
99.5641	92.5
99.9296	92.5
100.296	106.5
100.662	95.5
101.027	93.5
101.394	91.5
101.76	99.5
102.126	98.5
102.492	102.5
102.858	97.5
103.224	91.5
103.589	99.5
103.956	97.5
104.321	96.5
104.688	87.5
105.053	98.5
105.418	97.5
105.785	92.5
106.15	98.5
106.515	92.5
106.882	96.5
107.247	98.5
107.613	98.5
107.978	106.5
108.343	94.5
108.71	97.5
109.075	94.5
109.44	98.5
109.806	100.5
110.171	95.5
110.536	100.5
110.903	101.5
111.268	103.5
111.633	101.5
111.999	101.5
112.364	95.5
112.729	95.5
113.093	92.5
113.46	96.5
113.825	87.5
114.189	92.5
114.555	99.5
114.92	90.5
115.285	99.5
115.65	92.5
116.016	98.5
116.381	89.5
116.745	92.5
117.11	94.5
117.476	96.5
117.841	90.5
118.205	88.5
118.57	101.5
118.936	104.5
119.3	95.5
119.665	93.5
120.029	98.5
120.394	92.5
120.76	99.5
121.124	91.5
121.489	97.5
121.853	101.5
122.217	98.5
122.583	95.5
122.948	104.5
123.312	101.5
123.676	97.5
124.041	96.5
124.406	87.5
124.771	96.5
125.135	86.5
125.499	95.5
125.863	93.5
126.228	99.5
126.592	97.5
126.957	95.5
127.322	92.5
127.686	102.5
128.05	98.5
128.414	96.5
128.778	98.5
129.142	89.5
129.506	92.5
129.87	92.5
130.236	105.5
130.6	98.5
130.964	103.5
131.328	86.5
131.692	98.5
132.056	100.5
132.419	100.5
132.783	80.5
133.147	96.5
133.511	103.5
133.875	99.5
134.239	92.5
134.603	99.5
134.966	100.5
135.33	102.5
135.694	92.5
136.058	97.5
136.421	103.5
136.785	103.5
137.149	88.5
137.514	103.5
137.878	102.5
138.241	92.5
138.603	98.5
138.967	91.5
139.331	101.5
139.694	97.5
140.058	101.5
140.421	90.5
140.785	102.5
141.148	92.5
141.512	91.5
141.875	101.5
142.239	99.5
142.602	96.5
142.966	95.5
143.329	104.5
143.692	95.5
144.056	107.5
144.419	97.5
144.782	97.5
145.146	100.5
145.509	98.5
145.871	99.5
146.234	105.5
146.597	93.5
146.961	97.5
147.324	102.5
147.687	102.5
148.05	95.5
148.413	100.5
148.777	97.5
149.138	103.5
149.501	97.5
149.864	104.5
150.228	98.5
150.591	105.5
150.954	96.5
151.317	95.5
151.678	92.5
152.041	106.5
152.404	99.5
152.767	101.5
153.13	113.5
153.492	115.5
153.854	110.5
154.217	117.5
154.58	118.5
154.943	122.5
155.304	120.5
155.667	149.5
156.03	139.5
156.393	162.5
156.756	172.5
157.117	186.5
157.48	183.5
157.842	165.5
158.205	148.5
158.566	130.5
158.929	137.5
159.292	124.5
159.654	116.5
160.015	107.5
160.378	118.5
160.741	102.5
161.103	96.5
161.464	105.5
161.827	104.5
162.189	102.5
162.55	116.5
162.913	97.5
163.275	107.5
163.638	102.5
163.999	103.5
164.361	105.5
164.724	109.5
165.085	98.5
165.447	96.5
165.809	108.5
166.17	104.5
166.532	99.5
166.895	103.5
167.256	101.5
167.618	101.5
167.979	100.5
168.341	98.5
168.703	101.5
169.064	102.5
169.426	102.5
169.788	103.5
170.149	93.5
170.511	91.5
170.872	108.5
171.234	100.5
171.596	108.5
171.956	108.5
172.318	103.5
172.679	99.5
173.041	106.5
173.401	108.5
173.763	112.5
174.125	98.5
174.486	103.5
174.848	107.5
175.208	111.5
175.57	97.5
175.931	104.5
176.292	99.5
176.653	112.5
177.015	100.5
177.375	115.5
177.737	113.5
178.098	104.5
178.459	100.5
178.821	103.5
179.181	91.5
179.542	105.5
179.903	102.5
180.264	99.5
180.625	106.5
180.985	103.5
181.346	107.5
181.707	108.5
182.068	103.5
182.428	120.5
182.79	110.5
183.15	112.5
183.511	121.5
183.871	121.5
184.233	114.5
184.593	124.5
184.953	109.5
185.314	119.5
185.674	125.5
186.036	130.5
186.396	141.5
186.757	128.5
187.117	132.5
187.477	136.5
187.838	127.5
188.198	126.5
188.559	133.5
188.919	128.5
189.279	125.5
189.64	121.5
190	121.5
190.359	115.5
190.721	132.5
191.08	135.5
191.44	116.5
191.801	116.5
192.161	119.5
192.52	120.5
192.882	114.5
193.241	123.5
193.601	122.5
193.962	114.5
194.321	108.5
194.681	108.5
195.042	117.5
195.401	113.5
195.761	113.5
196.122	115.5
196.481	117.5
196.841	115.5
197.2	123.5
197.561	118.5
197.92	114.5
198.28	120.5
198.639	114.5
199	118.5
199.359	124.5
199.718	107.5
200.078	118.5
200.438	127.5
200.798	115.5
201.157	109.5
201.516	114.5
201.877	118.5
202.236	112.5
202.595	101.5
202.954	106.5
203.313	114.5
203.674	110.5
204.033	101.5
204.392	113.5
204.751	105.5
205.11	114.5
205.471	115.5
205.83	113.5
206.189	110.5
206.548	120.5
206.907	115.5
207.266	113.5
207.626	115.5
207.985	107.5
208.344	110.5
208.703	124.5
209.062	131.5
209.42	133.5
209.779	124.5
210.138	120.5
210.498	135.5
210.857	140.5
211.216	138.5
211.575	144.5
211.933	136.5
212.292	139.5
212.651	133.5
213.01	141.5
213.368	125.5
213.727	127.5
214.085	131.5
214.444	129.5
214.804	121.5
215.163	126.5
215.521	117.5
215.88	107.5
216.238	115.5
216.597	120.5
216.955	106.5
217.314	115.5
217.672	104.5
218.031	116.5
218.389	112.5
218.748	117.5
219.106	110.5
219.464	113.5
219.823	103.5
220.181	106.5
220.539	118.5
220.898	100.5
221.256	114.5
221.614	112.5
221.973	105.5
222.331	112.5
222.689	109.5
223.047	116.5
223.405	115.5
223.762	108.5
224.12	111.5
224.479	110.5
224.837	114.5
225.195	109.5
225.553	118.5
225.911	116.5
226.269	112.5
226.627	113.5
226.985	109.5
227.343	129.5
227.701	115.5
228.058	125.5
228.416	126.5
228.773	108.5
229.131	124.5
229.489	120.5
229.847	127.5
230.205	122.5
230.563	127.5
230.919	119.5
231.277	127.5
231.635	133.5
231.993	129.5
232.351	134.5
232.708	132.5
233.065	123.5
233.422	131.5
233.78	127.5
234.138	116.5
234.495	142.5
234.852	127.5
235.209	129.5
235.567	119.5
235.925	143.5
236.282	138.5
236.638	129.5
236.996	146.5
237.353	138.5
237.711	137.5
238.067	140.5
238.425	154.5
238.782	148.5
239.139	146.5
239.495	149.5
239.853	146.5
240.21	144.5
240.568	149.5
240.924	145.5
241.281	142.5
241.638	139.5
241.996	150.5
242.352	144.5
242.709	128.5
243.066	146.5
243.422	133.5
243.779	140.5
244.136	140.5
244.492	139.5
244.849	133.5
245.207	129.5
245.562	117.5
245.919	132.5
246.277	129.5
246.632	121.5
246.989	143.5
247.346	134.5
247.702	128.5
248.059	131.5
248.416	136.5
248.772	135.5
249.129	126.5
249.484	126.5
249.841	138.5
250.198	133.5
250.554	126.5
250.911	132.5
251.266	140.5
251.623	138.5
251.98	149.5
252.335	146.5
252.692	141.5
253.047	136.5
253.404	151.5
253.76	141.5
254.116	144.5
254.473	162.5
254.828	161.5
255.185	154.5
255.54	151.5
255.897	158.5
256.252	165.5
256.609	145.5
256.964	159.5
257.321	155.5
257.676	156.5
258.032	165.5
258.388	153.5
258.744	139.5
259.099	144.5
259.456	146.5
259.811	144.5
260.167	141.5
260.522	137.5
260.879	143.5
261.234	148.5
261.59	137.5
261.945	133.5
262.301	132.5
262.656	130.5
263.011	134.5
263.368	143.5
263.723	126.5
264.079	135.5
264.434	131.5
264.79	147.5
265.145	132.5
265.5	131.5
265.856	121.5
266.211	129.5
266.567	133.5
266.921	125.5
267.276	133.5
267.632	127.5
267.987	131.5
268.342	120.5
268.698	130.5
269.052	114.5
269.408	119.5
269.763	122.5
270.118	115.5
270.474	110.5
270.828	115.5
271.183	116.5
271.539	125.5
271.893	117.5
272.248	124.5
272.604	121.5
272.958	112.5
273.312	116.5
273.667	131.5
274.023	113.5
274.377	115.5
274.731	112.5
275.087	106.5
275.442	107.5
275.796	120.5
276.15	115.5
276.506	113.5
276.86	125.5
277.214	109.5
277.569	119.5
277.924	99.5
278.279	119.5
278.633	116.5
278.987	118.5
279.342	110.5
279.697	112.5
280.051	108.5
280.405	104.5
280.759	112.5
281.114	119.5
281.469	106.5
281.823	111.5
282.177	112.5
282.531	114.5
282.886	106.5
283.24	113.5
283.594	108.5
283.948	108.5
284.302	114.5
284.656	114.5
285.011	113.5
285.365	116.5
285.719	109.5
286.073	104.5
286.427	117.5
286.78	115.5
287.134	109.5
287.489	113.5
287.843	117.5
288.197	110.5
288.551	112.5
288.904	120.5
289.258	121.5
289.612	124.5
289.965	113.5
290.319	122.5
290.673	116.5
291.026	126.5
291.381	124.5
291.735	122.5
292.088	123.5
292.442	116.5
292.795	122.5
293.149	121.5
293.503	120.5
293.856	122.5
294.209	128.5
294.563	122.5
294.916	118.5
295.27	130.5
295.623	119.5
295.977	117.5
296.33	120.5
296.683	120.5
297.037	126.5
297.39	129.5
297.743	127.5
298.097	119.5
298.45	125.5
298.803	135.5
299.156	121.5
299.51	135.5
299.863	126.5
300.216	124.5
300.569	127.5
300.922	139.5
301.275	139.5
301.627	131.5
301.98	138.5
302.333	137.5
302.686	135.5
303.039	136.5
303.392	135.5
303.746	144.5
304.099	153.5
304.452	161.5
304.804	141.5
305.156	156.5
305.509	158.5
305.862	160.5
306.215	158.5
306.568	179.5
306.921	196.5
307.273	187.5
307.626	186.5
307.978	198.5
308.331	223.5
308.683	232.5
309.036	219.5
309.389	248.5
309.742	271.5
310.093	288.5
310.446	303.5
310.798	307.5
311.151	327.5
311.504	312.5
311.855	337.5
312.208	312.5
312.56	324.5
312.913	273.5
313.265	287.5
313.617	271.5
313.969	247.5
314.322	241.5
314.674	220.5
315.025	218.5
315.378	219.5
315.73	191.5
316.083	204.5
316.434	198.5
316.786	217.5
317.138	195.5
317.489	189.5
317.842	193.5
318.194	186.5
318.547	169.5
318.897	155.5
319.25	160.5
319.602	167.5
319.953	170.5
320.305	150.5
320.657	143.5
321.008	132.5
321.36	135.5
321.713	150.5
322.063	148.5
322.416	145.5
322.768	135.5
323.118	143.5
323.471	120.5
323.823	129.5
324.173	125.5
324.525	126.5
324.876	134.5
325.228	129.5
325.58	135.5
325.931	119.5
326.283	125.5
326.633	129.5
326.985	127.5
327.337	133.5
327.688	119.5
328.039	128.5
328.39	128.5
328.742	123.5
329.094	126.5
329.444	124.5
329.796	116.5
330.146	120.5
330.498	121.5
330.848	126.5
331.2	127.5
331.551	117.5
331.902	105.5
332.253	111.5
332.604	110.5
332.954	118.5
333.306	113.5
333.656	104.5
334.008	111.5
334.358	110.5
334.71	113.5
335.06	115.5
335.411	105.5
335.762	115.5
336.113	118.5
