39.5698	119.5
39.941	102.5
40.3108	115.5
40.6805	121.5
41.0503	121.5
41.42	100.5
41.7897	109.5
42.1593	106.5
42.529	109.5
42.9001	103.5
43.2697	111.5
43.6393	108.5
44.0089	107.5
44.3784	110.5
44.748	102.5
45.1175	104.5
45.487	107.5
45.8565	103.5
46.226	98.5
46.5955	106.5
46.9649	112.5
47.3343	116.5
47.7052	107.5
48.0746	108.5
48.4439	117.5
48.8133	129.5
49.1826	122.5
49.5519	118.5
49.9212	113.5
50.2905	115.5
50.6598	136.5
51.029	122.5
51.3982	140.5
51.7675	150.5
52.1366	160.5
52.5058	202.5
52.875	257.5
53.2441	369.5
53.6132	539.5
53.9823	562.5
54.3514	561.5
54.7205	430.5
55.0895	326.5
55.4586	444.5
55.8276	530.5
56.1966	461.5
56.5641	262.5
56.9331	189.5
57.302	169.5
57.671	153.5
58.0399	143.5
58.4088	129.5
58.7776	161.5
59.1465	217.5
59.5153	287.5
59.8841	410.5
60.2529	380.5
60.6217	293.5
60.9905	220.5
61.3578	180.5
61.7265	193.5
62.0953	193.5
62.464	229.5
62.8326	284.5
63.2013	325.5
63.5699	362.5
63.9386	323.5
64.3057	284.5
64.6743	293.5
65.0429	305.5
65.4114	324.5
65.78	324.5
66.1485	254.5
66.517	195.5
66.884	145.5
67.2525	127.5
67.621	116.5
67.9894	116.5
68.3578	106.5
68.7248	113.5
69.0931	110.5
69.4615	110.5
69.8299	107.5
70.1982	110.5
70.565	110.5
70.9333	98.5
71.3016	106.5
71.6699	104.5
72.0381	110.5
72.4049	107.5
72.7731	100.5
73.1413	127.5
73.5094	143.5
73.8762	148.5
74.2443	143.5
74.6124	173.5
74.9805	148.5
75.3471	122.5
75.7152	112.5
76.0832	94.5
76.4513	95.5
76.8178	95.5
77.1858	94.5
77.5538	100.5
77.9203	101.5
78.2883	92.5
78.6562	95.5
79.0241	94.5
79.3905	97.5
79.7584	88.5
80.1262	93.5
80.4926	95.5
80.8605	97.5
81.2282	92.5
81.5946	90.5
81.9624	92.5
82.3301	91.5
82.6964	90.5
83.0641	91.5
83.4318	100.5
83.798	94.5
84.1657	98.5
84.5319	93.5
84.8995	102.5
85.2671	94.5
85.6333	98.5
86.0008	93.5
86.3684	99.5
86.7345	112.5
87.102	107.5
87.468	112.5
87.8355	96.5
88.2016	95.5
88.569	100.5
88.9364	109.5
89.3024	100.5
89.6698	111.5
90.0357	106.5
90.4031	136.5
90.769	119.5
91.1363	113.5
91.5036	114.5
91.8695	114.5
92.2368	95.5
92.6026	95.5
92.9698	92.5
93.3356	96.5
93.7028	96.5
94.0685	101.5
94.4357	106.5
94.8014	100.5
95.1685	101.5
95.5342	90.5
95.9013	105.5
96.267	102.5
96.634	95.5
96.9996	89.5
97.3666	105.5
97.7322	145.5
98.0992	138.5
98.4647	110.5
98.8317	97.5
99.1972	92.5
99.5641	90.5
99.9296	95.5
100.296	99.5
100.662	95.5
101.027	82.5
101.394	89.5
101.76	96.5
102.126	94.5
102.492	90.5
102.858	96.5
103.224	94.5
103.589	89.5
103.956	92.5
104.321	98.5
104.688	97.5
105.053	98.5
105.418	88.5
105.785	92.5
106.15	101.5
106.515	101.5
106.882	101.5
107.247	100.5
107.613	93.5
107.978	97.5
108.343	90.5
108.71	99.5
109.075	91.5
109.44	105.5
109.806	98.5
110.171	96.5
110.536	107.5
110.903	93.5
111.268	96.5
111.633	101.5
111.999	94.5
112.364	93.5
112.729	95.5
113.093	93.5
113.46	93.5
113.825	95.5
114.189	100.5
114.555	99.5
114.92	88.5
115.285	100.5
115.65	95.5
116.016	89.5
116.381	92.5
116.745	92.5
117.11	88.5
117.476	91.5
117.841	100.5
118.205	88.5
118.57	96.5
118.936	97.5
119.3	81.5
119.665	91.5
120.029	86.5
120.394	97.5
120.76	86.5
121.124	99.5
121.489	85.5
121.853	97.5
122.217	83.5
122.583	86.5
122.948	99.5
123.312	100.5
123.676	87.5
124.041	91.5
124.406	95.5
124.771	93.5
125.135	92.5
125.499	91.5
125.863	85.5
126.228	94.5
126.592	91.5
126.957	97.5
127.322	84.5
127.686	89.5
128.05	94.5
128.414	81.5
128.778	98.5
129.142	89.5
129.506	81.5
129.87	96.5
130.236	86.5
130.6	87.5
130.964	94.5
131.328	96.5
131.692	96.5
132.056	94.5
132.419	86.5
132.783	94.5
133.147	95.5
133.511	99.5
133.875	99.5
134.239	90.5
134.603	86.5
134.966	94.5
135.33	98.5
135.694	90.5
136.058	91.5
136.421	99.5
136.785	93.5
137.149	97.5
137.514	100.5
137.878	99.5
138.241	105.5
138.603	94.5
138.967	101.5
139.331	96.5
139.694	97.5
140.058	87.5
140.421	95.5
140.785	95.5
141.148	91.5
141.512	98.5
141.875	90.5
142.239	95.5
142.602	97.5
142.966	108.5
143.329	103.5
143.692	86.5
144.056	97.5
144.419	90.5
144.782	96.5
145.146	94.5
145.509	102.5
145.871	91.5
146.234	99.5
146.597	97.5
146.961	97.5
147.324	104.5
147.687	109.5
148.05	101.5
148.413	97.5
148.777	102.5
149.138	95.5
149.501	98.5
149.864	104.5
150.228	98.5
150.591	105.5
150.954	101.5
151.317	99.5
151.678	105.5
152.041	104.5
152.404	97.5
152.767	91.5
153.13	100.5
153.492	111.5
153.854	102.5
154.217	100.5
154.58	125.5
154.943	127.5
155.304	131.5
155.667	132.5
156.03	168.5
156.393	157.5
156.756	158.5
157.117	195.5
157.48	166.5
157.842	168.5
158.205	150.5
158.566	138.5
158.929	113.5
159.292	118.5
159.654	117.5
160.015	115.5
160.378	112.5
160.741	112.5
161.103	105.5
161.464	113.5
161.827	97.5
162.189	99.5
162.55	95.5
162.913	92.5
163.275	99.5
163.638	100.5
163.999	107.5
164.361	99.5
164.724	100.5
165.085	97.5
165.447	107.5
165.809	102.5
166.17	97.5
166.532	100.5
166.895	96.5
167.256	96.5
167.618	101.5
167.979	98.5
168.341	95.5
168.703	99.5
169.064	97.5
169.426	106.5
169.788	92.5
170.149	101.5
170.511	99.5
170.872	106.5
171.234	101.5
171.596	102.5
171.956	100.5
172.318	104.5
172.679	90.5
173.041	96.5
173.401	99.5
173.763	103.5
174.125	96.5
174.486	102.5
174.848	96.5
175.208	105.5
175.57	99.5
175.931	109.5
176.292	107.5
176.653	100.5
177.015	99.5
177.375	103.5
177.737	98.5
178.098	104.5
178.459	97.5
178.821	91.5
179.181	112.5
179.542	103.5
179.903	102.5
180.264	114.5
180.625	97.5
180.985	110.5
181.346	107.5
181.707	111.5
182.068	103.5
182.428	114.5
182.79	109.5
183.15	119.5
183.511	121.5
183.871	121.5
184.233	112.5
184.593	120.5
184.953	126.5
185.314	126.5
185.674	120.5
186.036	133.5
186.396	123.5
186.757	131.5
187.117	127.5
187.477	114.5
187.838	134.5
188.198	126.5
188.559	121.5
188.919	114.5
189.279	128.5
189.64	125.5
190	120.5
190.359	119.5
190.721	122.5
191.08	118.5
191.44	114.5
191.801	108.5
192.161	127.5
192.52	111.5
192.882	119.5
193.241	109.5
193.601	128.5
193.962	123.5
194.321	107.5
194.681	115.5
195.042	120.5
195.401	113.5
195.761	118.5
196.122	118.5
196.481	108.5
196.841	112.5
197.2	108.5
197.561	109.5
197.92	120.5
198.28	112.5
198.639	113.5
199	120.5
199.359	110.5
199.718	116.5
200.078	108.5
200.438	114.5
200.798	113.5
201.157	116.5
201.516	112.5
201.877	122.5
202.236	102.5
202.595	113.5
202.954	110.5
203.313	120.5
203.674	115.5
204.033	109.5
204.392	116.5
204.751	112.5
205.11	112.5
205.471	113.5
205.83	106.5
206.189	107.5
206.548	114.5
206.907	109.5
207.266	125.5
207.626	113.5
207.985	114.5
208.344	125.5
208.703	121.5
209.062	128.5
209.42	121.5
209.779	120.5
210.138	128.5
210.498	134.5
210.857	142.5
211.216	135.5
211.575	138.5
211.933	131.5
212.292	125.5
212.651	129.5
213.01	137.5
213.368	130.5
213.727	126.5
214.085	117.5
214.444	132.5
214.804	120.5
215.163	118.5
215.521	121.5
215.88	105.5
216.238	126.5
216.597	116.5
216.955	103.5
217.314	117.5
217.672	116.5
218.031	114.5
218.389	120.5
218.748	116.5
219.106	114.5
219.464	113.5
219.823	115.5
220.181	110.5
220.539	107.5
220.898	106.5
221.256	101.5
221.614	109.5
221.973	107.5
222.331	111.5
222.689	106.5
223.047	110.5
223.405	110.5
223.762	114.5
224.12	111.5
224.479	112.5
224.837	111.5
225.195	104.5
225.553	111.5
225.911	116.5
226.269	107.5
226.627	104.5
226.985	119.5
227.343	114.5
227.701	116.5
228.058	118.5
228.416	116.5
228.773	108.5
229.131	118.5
229.489	118.5
229.847	120.5
230.205	120.5
230.563	125.5
230.919	123.5
231.277	124.5
231.635	117.5
231.993	130.5
232.351	129.5
232.708	132.5
233.065	122.5
233.422	128.5
233.78	124.5
234.138	128.5
234.495	127.5
234.852	142.5
235.209	129.5
235.567	123.5
235.925	144.5
236.282	138.5
236.638	144.5
236.996	136.5
237.353	140.5
237.711	135.5
238.067	145.5
238.425	152.5
238.782	132.5
239.139	152.5
239.495	145.5
239.853	137.5
240.21	140.5
240.568	148.5
240.924	139.5
241.281	133.5
241.638	120.5
241.996	154.5
242.352	135.5
242.709	141.5
243.066	136.5
243.422	144.5
243.779	131.5
244.136	129.5
244.492	135.5
244.849	137.5
245.207	128.5
245.562	127.5
245.919	129.5
246.277	135.5
246.632	140.5
246.989	133.5
247.346	140.5
247.702	139.5
248.059	127.5
248.416	125.5
248.772	137.5
249.129	142.5
249.484	143.5
249.841	138.5
250.198	142.5
250.554	129.5
250.911	137.5
251.266	143.5
251.623	131.5
251.98	143.5
252.335	144.5
252.692	138.5
253.047	145.5
253.404	150.5
253.76	155.5
254.116	147.5
254.473	157.5
254.828	150.5
255.185	146.5
255.54	147.5
255.897	157.5
256.252	159.5
256.609	147.5
256.964	142.5
257.321	149.5
257.676	153.5
258.032	140.5
258.388	146.5
258.744	145.5
259.099	142.5
259.456	143.5
259.811	139.5
260.167	147.5
260.522	149.5
260.879	136.5
261.234	128.5
261.59	139.5
261.945	133.5
262.301	146.5
262.656	141.5
263.011	138.5
263.368	139.5
263.723	129.5
264.079	140.5
264.434	128.5
264.79	128.5
265.145	118.5
265.5	141.5
265.856	126.5
266.211	132.5
266.567	132.5
266.921	116.5
267.276	130.5
267.632	120.5
267.987	104.5
268.342	121.5
268.698	111.5
269.052	114.5
269.408	127.5
269.763	115.5
270.118	124.5
270.474	122.5
270.828	110.5
271.183	121.5
271.539	105.5
271.893	117.5
272.248	109.5
272.604	114.5
272.958	127.5
273.312	124.5
273.667	109.5
274.023	116.5
274.377	113.5
274.731	109.5
275.087	114.5
275.442	114.5
275.796	115.5
276.15	115.5
276.506	99.5
276.86	115.5
277.214	111.5
277.569	115.5
277.924	111.5
278.279	121.5
278.633	114.5
278.987	102.5
279.342	113.5
279.697	106.5
280.051	106.5
280.405	112.5
280.759	109.5
281.114	105.5
281.469	114.5
281.823	109.5
282.177	108.5
282.531	111.5
282.886	116.5
283.24	114.5
283.594	103.5
283.948	111.5
284.302	113.5
284.656	114.5
285.011	118.5
285.365	114.5
285.719	112.5
286.073	120.5
286.427	116.5
286.78	112.5
287.134	109.5
287.489	118.5
287.843	117.5
288.197	120.5
288.551	114.5
288.904	110.5
289.258	111.5
289.612	112.5
289.965	123.5
290.319	113.5
290.673	111.5
291.026	119.5
291.381	115.5
291.735	116.5
292.088	111.5
292.442	118.5
292.795	126.5
293.149	125.5
293.503	111.5
293.856	123.5
294.209	116.5
294.563	122.5
294.916	132.5
295.27	126.5
295.623	121.5
295.977	122.5
296.33	128.5
296.683	130.5
297.037	130.5
297.39	117.5
297.743	132.5
298.097	126.5
298.45	125.5
298.803	122.5
299.156	128.5
299.51	120.5
299.863	134.5
300.216	122.5
300.569	145.5
300.922	129.5
301.275	119.5
301.627	130.5
301.98	144.5
302.333	146.5
302.686	132.5
303.039	142.5
303.392	128.5
303.746	155.5
304.099	138.5
304.452	165.5
304.804	158.5
305.156	154.5
305.509	166.5
305.862	174.5
306.215	189.5
306.568	184.5
306.921	168.5
307.273	206.5
307.626	207.5
307.978	229.5
308.331	241.5
308.683	248.5
309.036	262.5
309.389	284.5
309.742	311.5
310.093	334.5
310.446	341.5
310.798	347.5
311.151	374.5
311.504	356.5
311.855	368.5
312.208	355.5
312.56	350.5
312.913	324.5
313.265	297.5
313.617	294.5
313.969	283.5
314.322	236.5
314.674	241.5
315.025	251.5
315.378	228.5
315.73	223.5
316.083	201.5
316.434	199.5
316.786	202.5
317.138	191.5
317.489	188.5
317.842	190.5
318.194	186.5
318.547	164.5
318.897	161.5
319.25	172.5
319.602	162.5
319.953	161.5
320.305	148.5
320.657	150.5
321.008	149.5
321.36	151.5
321.713	144.5
322.063	133.5
322.416	138.5
322.768	136.5
323.118	126.5
323.471	135.5
323.823	136.5
324.173	136.5
324.525	128.5
324.876	123.5
325.228	120.5
325.58	122.5
325.931	122.5
326.283	126.5
326.633	111.5
326.985	117.5
327.337	116.5
327.688	123.5
328.039	124.5
328.39	118.5
328.742	118.5
329.094	123.5
329.444	115.5
329.796	127.5
330.146	114.5
330.498	106.5
330.848	114.5
331.2	112.5
331.551	115.5
331.902	113.5
332.253	103.5
332.604	114.5
332.954	109.5
333.306	111.5
333.656	104.5
334.008	107.5
334.358	107.5
334.71	123.5
335.06	110.5
335.411	106.5
335.762	108.5
336.113	103.5
