39.5698	125.5
39.941	124.5
40.3108	119.5
40.6805	124.5
41.0503	110.5
41.42	106.5
41.7897	104.5
42.1593	109.5
42.529	103.5
42.9001	108.5
43.2697	114.5
43.6393	110.5
44.0089	104.5
44.3784	112.5
44.748	105.5
45.1175	107.5
45.487	106.5
45.8565	101.5
46.226	111.5
46.5955	114.5
46.9649	115.5
47.3343	114.5
47.7052	107.5
48.0746	101.5
48.4439	124.5
48.8133	134.5
49.1826	135.5
49.5519	120.5
49.9212	108.5
50.2905	121.5
50.6598	121.5
51.029	125.5
51.3982	128.5
51.7675	147.5
52.1366	160.5
52.5058	205.5
52.875	266.5
53.2441	414.5
53.6132	585.5
53.9823	709.5
54.3514	629.5
54.7205	420.5
55.0895	343.5
55.4586	385.5
55.8276	417.5
56.1966	388.5
56.5641	221.5
56.9331	178.5
57.302	165.5
57.671	148.5
58.0399	129.5
58.4088	134.5
58.7776	145.5
59.1465	160.5
59.5153	184.5
59.8841	206.5
60.2529	243.5
60.6217	204.5
60.9905	158.5
61.3578	144.5
61.7265	136.5
62.0953	146.5
62.464	165.5
62.8326	177.5
63.2013	220.5
63.5699	224.5
63.9386	230.5
64.3057	207.5
64.6743	189.5
65.0429	189.5
65.4114	186.5
65.78	167.5
66.1485	166.5
66.517	137.5
66.884	123.5
67.2525	110.5
67.621	105.5
67.9894	106.5
68.3578	104.5
68.7248	102.5
69.0931	99.5
69.4615	110.5
69.8299	92.5
70.1982	108.5
70.565	104.5
70.9333	99.5
71.3016	104.5
71.6699	102.5
72.0381	98.5
72.4049	103.5
72.7731	109.5
73.1413	111.5
73.5094	110.5
73.8762	115.5
74.2443	126.5
74.6124	113.5
74.9805	113.5
75.3471	113.5
75.7152	103.5
76.0832	98.5
76.4513	100.5
76.8178	107.5
77.1858	89.5
77.5538	103.5
77.9203	100.5
78.2883	98.5
78.6562	95.5
79.0241	106.5
79.3905	102.5
79.7584	107.5
80.1262	91.5
80.4926	100.5
80.8605	95.5
81.2282	103.5
81.5946	103.5
81.9624	100.5
82.3301	101.5
82.6964	90.5
83.0641	91.5
83.4318	100.5
83.798	99.5
84.1657	110.5
84.5319	109.5
84.8995	98.5
85.2671	98.5
85.6333	98.5
86.0008	105.5
86.3684	93.5
86.7345	101.5
87.102	105.5
87.468	100.5
87.8355	104.5
88.2016	101.5
88.569	102.5
88.9364	105.5
89.3024	104.5
89.6698	113.5
90.0357	119.5
90.4031	116.5
90.769	108.5
91.1363	106.5
91.5036	106.5
91.8695	109.5
92.2368	106.5
92.6026	105.5
92.9698	102.5
93.3356	107.5
93.7028	104.5
94.0685	101.5
94.4357	103.5
94.8014	112.5
95.1685	110.5
95.5342	96.5
95.9013	103.5
96.267	105.5
96.634	110.5
96.9996	108.5
97.3666	108.5
97.7322	151.5
98.0992	157.5
98.4647	139.5
98.8317	109.5
99.1972	100.5
99.5641	101.5
99.9296	93.5
100.296	101.5
100.662	97.5
101.027	107.5
101.394	104.5
101.76	107.5
102.126	102.5
102.492	99.5
102.858	103.5
103.224	100.5
103.589	102.5
103.956	105.5
104.321	101.5
104.688	103.5
105.053	89.5
105.418	103.5
105.785	103.5
106.15	110.5
106.515	105.5
106.882	98.5
107.247	102.5
107.613	101.5
107.978	97.5
108.343	100.5
108.71	103.5
109.075	113.5
109.44	99.5
109.806	101.5
110.171	108.5
110.536	104.5
110.903	100.5
111.268	104.5
111.633	101.5
111.999	102.5
112.364	101.5
112.729	106.5
113.093	98.5
113.46	105.5
113.825	100.5
114.189	100.5
114.555	97.5
114.92	89.5
115.285	105.5
115.65	98.5
116.016	91.5
116.381	103.5
116.745	98.5
117.11	103.5
117.476	99.5
117.841	100.5
118.205	98.5
118.57	95.5
118.936	97.5
119.3	104.5
119.665	99.5
120.029	98.5
120.394	92.5
120.76	101.5
121.124	101.5
121.489	93.5
121.853	93.5
122.217	101.5
122.583	96.5
122.948	93.5
123.312	99.5
123.676	103.5
124.041	97.5
124.406	103.5
124.771	91.5
125.135	104.5
125.499	99.5
125.863	90.5
126.228	92.5
126.592	98.5
126.957	96.5
127.322	94.5
127.686	99.5
128.05	87.5
128.414	99.5
128.778	93.5
129.142	96.5
129.506	97.5
129.87	99.5
130.236	102.5
130.6	100.5
130.964	91.5
131.328	93.5
131.692	101.5
132.056	102.5
132.419	103.5
132.783	96.5
133.147	106.5
133.511	105.5
133.875	99.5
134.239	97.5
134.603	98.5
134.966	97.5
135.33	102.5
135.694	101.5
136.058	102.5
136.421	109.5
136.785	93.5
137.149	98.5
137.514	101.5
137.878	102.5
138.241	102.5
138.603	107.5
138.967	95.5
139.331	96.5
139.694	87.5
140.058	103.5
140.421	102.5
140.785	99.5
141.148	102.5
141.512	96.5
141.875	102.5
142.239	99.5
142.602	105.5
142.966	103.5
143.329	91.5
143.692	98.5
144.056	103.5
144.419	104.5
144.782	97.5
145.146	100.5
145.509	98.5
145.871	102.5
146.234	100.5
146.597	98.5
146.961	100.5
147.324	104.5
147.687	99.5
148.05	97.5
148.413	101.5
148.777	98.5
149.138	105.5
149.501	105.5
149.864	115.5
150.228	113.5
150.591	106.5
150.954	90.5
151.317	107.5
151.678	98.5
152.041	108.5
152.404	104.5
152.767	110.5
153.13	125.5
153.492	111.5
153.854	116.5
154.217	107.5
154.58	113.5
154.943	122.5
155.304	139.5
155.667	165.5
156.03	166.5
156.393	188.5
156.756	212.5
157.117	215.5
157.48	209.5
157.842	193.5
158.205	173.5
158.566	160.5
158.929	138.5
159.292	137.5
159.654	117.5
160.015	113.5
160.378	107.5
160.741	108.5
161.103	107.5
161.464	112.5
161.827	112.5
162.189	101.5
162.55	99.5
162.913	102.5
163.275	100.5
163.638	102.5
163.999	102.5
164.361	103.5
164.724	103.5
165.085	98.5
165.447	107.5
165.809	99.5
166.17	101.5
166.532	96.5
166.895	97.5
167.256	104.5
167.618	90.5
167.979	103.5
168.341	103.5
168.703	103.5
169.064	97.5
169.426	99.5
169.788	105.5
170.149	104.5
170.511	101.5
170.872	102.5
171.234	108.5
171.596	103.5
171.956	101.5
172.318	109.5
172.679	95.5
173.041	94.5
173.401	105.5
173.763	100.5
174.125	109.5
174.486	99.5
174.848	96.5
175.208	108.5
175.57	98.5
175.931	95.5
176.292	113.5
176.653	102.5
177.015	102.5
177.375	103.5
177.737	109.5
178.098	101.5
178.459	100.5
178.821	103.5
179.181	106.5
179.542	108.5
179.903	104.5
180.264	108.5
180.625	105.5
180.985	100.5
181.346	105.5
181.707	103.5
182.068	111.5
182.428	114.5
182.79	110.5
183.15	110.5
183.511	116.5
183.871	112.5
184.233	103.5
184.593	106.5
184.953	117.5
185.314	116.5
185.674	123.5
186.036	109.5
186.396	123.5
186.757	109.5
187.117	112.5
187.477	114.5
187.838	118.5
188.198	121.5
188.559	119.5
188.919	106.5
189.279	116.5
189.64	110.5
190	113.5
190.359	111.5
190.721	117.5
191.08	118.5
191.44	114.5
191.801	113.5
192.161	110.5
192.52	119.5
192.882	109.5
193.241	110.5
193.601	100.5
193.962	114.5
194.321	113.5
194.681	106.5
195.042	106.5
195.401	105.5
195.761	102.5
196.122	115.5
196.481	109.5
196.841	109.5
197.2	111.5
197.561	103.5
197.92	102.5
198.28	97.5
198.639	102.5
199	106.5
199.359	109.5
199.718	112.5
200.078	110.5
200.438	113.5
200.798	98.5
201.157	108.5
201.516	109.5
201.877	110.5
202.236	102.5
202.595	98.5
202.954	109.5
203.313	107.5
203.674	105.5
204.033	108.5
204.392	102.5
204.751	110.5
205.11	104.5
205.471	109.5
205.83	105.5
206.189	110.5
206.548	110.5
206.907	114.5
207.266	118.5
207.626	117.5
207.985	111.5
208.344	115.5
208.703	117.5
209.062	113.5
209.42	121.5
209.779	113.5
210.138	133.5
210.498	123.5
210.857	121.5
211.216	128.5
211.575	123.5
211.933	130.5
212.292	124.5
212.651	141.5
213.01	118.5
213.368	119.5
213.727	123.5
214.085	110.5
214.444	123.5
214.804	120.5
215.163	108.5
215.521	108.5
215.88	112.5
216.238	113.5
216.597	112.5
216.955	98.5
217.314	112.5
217.672	108.5
218.031	111.5
218.389	115.5
218.748	118.5
219.106	114.5
219.464	104.5
219.823	117.5
220.181	108.5
220.539	113.5
220.898	112.5
221.256	111.5
221.614	116.5
221.973	112.5
222.331	107.5
222.689	117.5
223.047	114.5
223.405	103.5
223.762	110.5
224.12	120.5
224.479	116.5
224.837	122.5
225.195	113.5
225.553	114.5
225.911	123.5
226.269	117.5
226.627	111.5
226.985	115.5
227.343	120.5
227.701	131.5
228.058	123.5
228.416	121.5
228.773	119.5
229.131	124.5
229.489	144.5
229.847	132.5
230.205	125.5
230.563	129.5
230.919	145.5
231.277	135.5
231.635	144.5
231.993	130.5
232.351	140.5
232.708	145.5
233.065	149.5
233.422	155.5
233.78	145.5
234.138	143.5
234.495	145.5
234.852	150.5
235.209	149.5
235.567	159.5
235.925	159.5
236.282	141.5
236.638	157.5
236.996	159.5
237.353	159.5
237.711	171.5
238.067	167.5
238.425	150.5
238.782	181.5
239.139	157.5
239.495	159.5
239.853	172.5
240.21	163.5
240.568	180.5
240.924	163.5
241.281	174.5
241.638	159.5
241.996	162.5
242.352	157.5
242.709	172.5
243.066	159.5
243.422	141.5
243.779	140.5
244.136	155.5
244.492	153.5
244.849	147.5
245.207	139.5
245.562	135.5
245.919	136.5
246.277	145.5
246.632	134.5
246.989	142.5
247.346	137.5
247.702	135.5
248.059	143.5
248.416	131.5
248.772	149.5
249.129	135.5
249.484	140.5
249.841	125.5
250.198	151.5
250.554	146.5
250.911	140.5
251.266	125.5
251.623	139.5
251.98	145.5
252.335	150.5
252.692	135.5
253.047	155.5
253.404	148.5
253.76	157.5
254.116	138.5
254.473	148.5
254.828	148.5
255.185	141.5
255.54	145.5
255.897	130.5
256.252	141.5
256.609	143.5
256.964	141.5
257.321	144.5
257.676	143.5
258.032	147.5
258.388	149.5
258.744	145.5
259.099	152.5
259.456	140.5
259.811	143.5
260.167	149.5
260.522	134.5
260.879	128.5
261.234	140.5
261.59	145.5
261.945	139.5
262.301	139.5
262.656	140.5
263.011	140.5
263.368	124.5
263.723	147.5
264.079	138.5
264.434	131.5
264.79	144.5
265.145	145.5
265.5	135.5
265.856	130.5
266.211	137.5
266.567	130.5
266.921	145.5
267.276	140.5
267.632	123.5
267.987	130.5
268.342	126.5
268.698	130.5
269.052	126.5
269.408	119.5
269.763	129.5
270.118	121.5
270.474	123.5
270.828	127.5
271.183	127.5
271.539	118.5
271.893	119.5
272.248	126.5
272.604	123.5
272.958	129.5
273.312	114.5
273.667	118.5
274.023	106.5
274.377	116.5
274.731	125.5
275.087	113.5
275.442	114.5
275.796	123.5
276.15	114.5
276.506	106.5
276.86	117.5
277.214	117.5
277.569	121.5
277.924	108.5
278.279	110.5
278.633	112.5
278.987	114.5
279.342	113.5
279.697	113.5
280.051	105.5
280.405	109.5
280.759	108.5
281.114	102.5
281.469	118.5
281.823	107.5
282.177	100.5
282.531	118.5
282.886	117.5
283.24	117.5
283.594	124.5
283.948	111.5
284.302	114.5
284.656	118.5
285.011	105.5
285.365	108.5
285.719	111.5
286.073	112.5
286.427	105.5
286.78	118.5
287.134	110.5
287.489	114.5
287.843	113.5
288.197	110.5
288.551	123.5
288.904	109.5
289.258	123.5
289.612	123.5
289.965	115.5
290.319	123.5
290.673	116.5
291.026	123.5
291.381	122.5
291.735	119.5
292.088	111.5
292.442	121.5
292.795	118.5
293.149	111.5
293.503	121.5
293.856	121.5
294.209	118.5
294.563	123.5
294.916	119.5
295.27	124.5
295.623	113.5
295.977	122.5
296.33	126.5
296.683	119.5
297.037	133.5
297.39	130.5
297.743	125.5
298.097	126.5
298.45	123.5
298.803	136.5
299.156	119.5
299.51	128.5
299.863	123.5
300.216	120.5
300.569	133.5
300.922	122.5
301.275	125.5
301.627	138.5
301.98	125.5
302.333	147.5
302.686	134.5
303.039	138.5
303.392	136.5
303.746	142.5
304.099	142.5
304.452	153.5
304.804	146.5
305.156	147.5
305.509	153.5
305.862	159.5
306.215	166.5
306.568	174.5
306.921	185.5
307.273	183.5
307.626	197.5
307.978	202.5
308.331	208.5
308.683	227.5
309.036	250.5
309.389	233.5
309.742	267.5
310.093	260.5
310.446	285.5
310.798	285.5
311.151	289.5
311.504	335.5
311.855	328.5
312.208	327.5
312.56	325.5
312.913	305.5
313.265	303.5
313.617	295.5
313.969	282.5
314.322	266.5
314.674	283.5
315.025	268.5
315.378	293.5
315.73	273.5
316.083	247.5
316.434	274.5
316.786	283.5
317.138	255.5
317.489	267.5
317.842	235.5
318.194	244.5
318.547	239.5
318.897	224.5
319.25	214.5
319.602	199.5
319.953	187.5
320.305	189.5
320.657	167.5
321.008	174.5
321.36	170.5
321.713	162.5
322.063	153.5
322.416	153.5
322.768	156.5
323.118	152.5
323.471	134.5
323.823	128.5
324.173	133.5
324.525	135.5
324.876	146.5
325.228	134.5
325.58	144.5
325.931	132.5
326.283	130.5
326.633	127.5
326.985	126.5
327.337	122.5
327.688	129.5
328.039	125.5
328.39	124.5
328.742	125.5
329.094	119.5
329.444	111.5
329.796	112.5
330.146	124.5
330.498	111.5
330.848	117.5
331.2	122.5
331.551	118.5
331.902	123.5
332.253	113.5
332.604	120.5
332.954	116.5
333.306	111.5
333.656	108.5
334.008	113.5
334.358	110.5
334.71	123.5
335.06	112.5
335.411	109.5
335.762	120.5
336.113	109.5
