39.5698	130.5
39.941	131.5
40.3108	124.5
40.6805	116.5
41.0503	118.5
41.42	114.5
41.7897	109.5
42.1593	113.5
42.529	118.5
42.9001	112.5
43.2697	115.5
43.6393	106.5
44.0089	112.5
44.3784	105.5
44.748	110.5
45.1175	104.5
45.487	107.5
45.8565	102.5
46.226	105.5
46.5955	113.5
46.9649	115.5
47.3343	103.5
47.7052	115.5
48.0746	105.5
48.4439	119.5
48.8133	139.5
49.1826	138.5
49.5519	115.5
49.9212	117.5
50.2905	124.5
50.6598	131.5
51.029	126.5
51.3982	137.5
51.7675	147.5
52.1366	171.5
52.5058	188.5
52.875	277.5
53.2441	419.5
53.6132	599.5
53.9823	739.5
54.3514	611.5
54.7205	466.5
55.0895	340.5
55.4586	359.5
55.8276	431.5
56.1966	353.5
56.5641	229.5
56.9331	172.5
57.302	160.5
57.671	140.5
58.0399	130.5
58.4088	122.5
58.7776	138.5
59.1465	148.5
59.5153	169.5
59.8841	206.5
60.2529	195.5
60.6217	186.5
60.9905	160.5
61.3578	140.5
61.7265	150.5
62.0953	151.5
62.464	175.5
62.8326	201.5
63.2013	239.5
63.5699	276.5
63.9386	245.5
64.3057	226.5
64.6743	204.5
65.0429	178.5
65.4114	192.5
65.78	173.5
66.1485	160.5
66.517	128.5
66.884	121.5
67.2525	113.5
67.621	106.5
67.9894	110.5
68.3578	109.5
68.7248	90.5
69.0931	104.5
69.4615	102.5
69.8299	96.5
70.1982	99.5
70.565	96.5
70.9333	97.5
71.3016	108.5
71.6699	104.5
72.0381	97.5
72.4049	103.5
72.7731	100.5
73.1413	107.5
73.5094	102.5
73.8762	124.5
74.2443	122.5
74.6124	113.5
74.9805	116.5
75.3471	117.5
75.7152	103.5
76.0832	103.5
76.4513	96.5
76.8178	88.5
77.1858	97.5
77.5538	103.5
77.9203	92.5
78.2883	108.5
78.6562	96.5
79.0241	102.5
79.3905	107.5
79.7584	98.5
80.1262	95.5
80.4926	88.5
80.8605	107.5
81.2282	93.5
81.5946	99.5
81.9624	97.5
82.3301	104.5
82.6964	96.5
83.0641	94.5
83.4318	99.5
83.798	107.5
84.1657	99.5
84.5319	98.5
84.8995	94.5
85.2671	101.5
85.6333	101.5
86.0008	105.5
86.3684	105.5
86.7345	106.5
87.102	100.5
87.468	100.5
87.8355	99.5
88.2016	103.5
88.569	99.5
88.9364	112.5
89.3024	99.5
89.6698	105.5
90.0357	103.5
90.4031	105.5
90.769	105.5
91.1363	103.5
91.5036	102.5
91.8695	105.5
92.2368	111.5
92.6026	110.5
92.9698	98.5
93.3356	105.5
93.7028	93.5
94.0685	104.5
94.4357	107.5
94.8014	102.5
95.1685	99.5
95.5342	108.5
95.9013	108.5
96.267	103.5
96.634	107.5
96.9996	97.5
97.3666	116.5
97.7322	161.5
98.0992	169.5
98.4647	138.5
98.8317	103.5
99.1972	116.5
99.5641	105.5
99.9296	95.5
100.296	101.5
100.662	104.5
101.027	101.5
101.394	102.5
101.76	100.5
102.126	103.5
102.492	106.5
102.858	105.5
103.224	103.5
103.589	106.5
103.956	101.5
104.321	109.5
104.688	98.5
105.053	102.5
105.418	111.5
105.785	101.5
106.15	105.5
106.515	105.5
106.882	106.5
107.247	104.5
107.613	104.5
107.978	103.5
108.343	99.5
108.71	102.5
109.075	104.5
109.44	106.5
109.806	90.5
110.171	105.5
110.536	103.5
110.903	102.5
111.268	94.5
111.633	93.5
111.999	101.5
112.364	96.5
112.729	98.5
113.093	91.5
113.46	100.5
113.825	102.5
114.189	94.5
114.555	93.5
114.92	92.5
115.285	103.5
115.65	98.5
116.016	94.5
116.381	96.5
116.745	92.5
117.11	90.5
117.476	96.5
117.841	103.5
118.205	94.5
118.57	106.5
118.936	104.5
119.3	93.5
119.665	92.5
120.029	98.5
120.394	107.5
120.76	108.5
121.124	102.5
121.489	85.5
121.853	104.5
122.217	98.5
122.583	88.5
122.948	109.5
123.312	97.5
123.676	89.5
124.041	91.5
124.406	98.5
124.771	93.5
125.135	104.5
125.499	94.5
125.863	94.5
126.228	100.5
126.592	101.5
126.957	96.5
127.322	89.5
127.686	97.5
128.05	98.5
128.414	102.5
128.778	99.5
129.142	88.5
129.506	105.5
129.87	90.5
130.236	92.5
130.6	98.5
130.964	98.5
131.328	101.5
131.692	104.5
132.056	94.5
132.419	103.5
132.783	92.5
133.147	97.5
133.511	94.5
133.875	101.5
134.239	102.5
134.603	96.5
134.966	96.5
135.33	99.5
135.694	100.5
136.058	96.5
136.421	97.5
136.785	102.5
137.149	94.5
137.514	104.5
137.878	94.5
138.241	91.5
138.603	100.5
138.967	100.5
139.331	102.5
139.694	98.5
140.058	93.5
140.421	99.5
140.785	95.5
141.148	96.5
141.512	106.5
141.875	109.5
142.239	104.5
142.602	102.5
142.966	99.5
143.329	109.5
143.692	97.5
144.056	101.5
144.419	107.5
144.782	102.5
145.146	96.5
145.509	104.5
145.871	98.5
146.234	99.5
146.597	100.5
146.961	103.5
147.324	100.5
147.687	105.5
148.05	93.5
148.413	104.5
148.777	106.5
149.138	99.5
149.501	109.5
149.864	104.5
150.228	96.5
150.591	107.5
150.954	103.5
151.317	104.5
151.678	110.5
152.041	100.5
152.404	109.5
152.767	106.5
153.13	106.5
153.492	121.5
153.854	110.5
154.217	120.5
154.58	119.5
154.943	141.5
155.304	128.5
155.667	145.5
156.03	164.5
156.393	185.5
156.756	185.5
157.117	226.5
157.48	196.5
157.842	185.5
158.205	172.5
158.566	163.5
158.929	155.5
159.292	131.5
159.654	121.5
160.015	118.5
160.378	112.5
160.741	110.5
161.103	106.5
161.464	111.5
161.827	108.5
162.189	106.5
162.55	100.5
162.913	100.5
163.275	107.5
163.638	101.5
163.999	99.5
164.361	104.5
164.724	101.5
165.085	99.5
165.447	101.5
165.809	103.5
166.17	102.5
166.532	97.5
166.895	103.5
167.256	104.5
167.618	90.5
167.979	108.5
168.341	101.5
168.703	102.5
169.064	98.5
169.426	99.5
169.788	94.5
170.149	101.5
170.511	94.5
170.872	96.5
171.234	99.5
171.596	97.5
171.956	101.5
172.318	105.5
172.679	105.5
173.041	112.5
173.401	103.5
173.763	112.5
174.125	105.5
174.486	104.5
174.848	96.5
175.208	93.5
175.57	106.5
175.931	96.5
176.292	96.5
176.653	105.5
177.015	104.5
177.375	101.5
177.737	95.5
178.098	103.5
178.459	103.5
178.821	102.5
179.181	104.5
179.542	103.5
179.903	97.5
180.264	103.5
180.625	105.5
180.985	114.5
181.346	105.5
181.707	110.5
182.068	98.5
182.428	115.5
182.79	101.5
183.15	119.5
183.511	109.5
183.871	100.5
184.233	113.5
184.593	114.5
184.953	112.5
185.314	117.5
185.674	116.5
186.036	112.5
186.396	115.5
186.757	115.5
187.117	109.5
187.477	107.5
187.838	119.5
188.198	108.5
188.559	117.5
188.919	120.5
189.279	126.5
189.64	115.5
190	118.5
190.359	125.5
190.721	108.5
191.08	120.5
191.44	109.5
191.801	111.5
192.161	111.5
192.52	107.5
192.882	110.5
193.241	113.5
193.601	103.5
193.962	101.5
194.321	104.5
194.681	102.5
195.042	107.5
195.401	107.5
195.761	101.5
196.122	98.5
196.481	96.5
196.841	110.5
197.2	109.5
197.561	97.5
197.92	102.5
198.28	103.5
198.639	109.5
199	104.5
199.359	102.5
199.718	107.5
200.078	104.5
200.438	102.5
200.798	116.5
201.157	112.5
201.516	106.5
201.877	101.5
202.236	108.5
202.595	116.5
202.954	107.5
203.313	117.5
203.674	108.5
204.033	97.5
204.392	105.5
204.751	103.5
205.11	106.5
205.471	105.5
205.83	112.5
206.189	113.5
206.548	112.5
206.907	110.5
207.266	109.5
207.626	114.5
207.985	101.5
208.344	109.5
208.703	113.5
209.062	109.5
209.42	120.5
209.779	110.5
210.138	126.5
210.498	116.5
210.857	123.5
211.216	117.5
211.575	121.5
211.933	126.5
212.292	133.5
212.651	127.5
213.01	123.5
213.368	115.5
213.727	117.5
214.085	105.5
214.444	109.5
214.804	113.5
215.163	111.5
215.521	114.5
215.88	100.5
216.238	104.5
216.597	108.5
216.955	117.5
217.314	110.5
217.672	112.5
218.031	116.5
218.389	113.5
218.748	106.5
219.106	106.5
219.464	107.5
219.823	100.5
220.181	104.5
220.539	117.5
220.898	119.5
221.256	112.5
221.614	108.5
221.973	112.5
222.331	109.5
222.689	115.5
223.047	108.5
223.405	104.5
223.762	122.5
224.12	115.5
224.479	114.5
224.837	122.5
225.195	116.5
225.553	113.5
225.911	112.5
226.269	120.5
226.627	120.5
226.985	118.5
227.343	126.5
227.701	135.5
228.058	129.5
228.416	111.5
228.773	130.5
229.131	133.5
229.489	134.5
229.847	137.5
230.205	138.5
230.563	134.5
230.919	141.5
231.277	142.5
231.635	144.5
231.993	150.5
232.351	139.5
232.708	149.5
233.065	147.5
233.422	152.5
233.78	147.5
234.138	152.5
234.495	157.5
234.852	157.5
235.209	158.5
235.567	147.5
235.925	162.5
236.282	181.5
236.638	162.5
236.996	179.5
237.353	172.5
237.711	174.5
238.067	179.5
238.425	165.5
238.782	188.5
239.139	176.5
239.495	190.5
239.853	177.5
240.21	177.5
240.568	181.5
240.924	171.5
241.281	180.5
241.638	169.5
241.996	169.5
242.352	180.5
242.709	153.5
243.066	156.5
243.422	148.5
243.779	171.5
244.136	160.5
244.492	149.5
244.849	154.5
245.207	145.5
245.562	159.5
245.919	131.5
246.277	144.5
246.632	131.5
246.989	126.5
247.346	145.5
247.702	134.5
248.059	135.5
248.416	137.5
248.772	129.5
249.129	146.5
249.484	136.5
249.841	148.5
250.198	142.5
250.554	131.5
250.911	143.5
251.266	125.5
251.623	140.5
251.98	136.5
252.335	140.5
252.692	151.5
253.047	141.5
253.404	140.5
253.76	139.5
254.116	154.5
254.473	144.5
254.828	146.5
255.185	139.5
255.54	146.5
255.897	144.5
256.252	141.5
256.609	138.5
256.964	156.5
257.321	142.5
257.676	152.5
258.032	132.5
258.388	129.5
258.744	147.5
259.099	142.5
259.456	139.5
259.811	136.5
260.167	144.5
260.522	142.5
260.879	150.5
261.234	143.5
261.59	137.5
261.945	144.5
262.301	138.5
262.656	129.5
263.011	138.5
263.368	140.5
263.723	145.5
264.079	141.5
264.434	136.5
264.79	148.5
265.145	144.5
265.5	142.5
265.856	142.5
266.211	133.5
266.567	136.5
266.921	129.5
267.276	122.5
267.632	133.5
267.987	135.5
268.342	128.5
268.698	128.5
269.052	126.5
269.408	120.5
269.763	116.5
270.118	130.5
270.474	110.5
270.828	129.5
271.183	129.5
271.539	133.5
271.893	125.5
272.248	112.5
272.604	116.5
272.958	121.5
273.312	121.5
273.667	112.5
274.023	112.5
274.377	114.5
274.731	103.5
275.087	118.5
275.442	103.5
275.796	106.5
276.15	109.5
276.506	109.5
276.86	108.5
277.214	106.5
277.569	107.5
277.924	109.5
278.279	114.5
278.633	112.5
278.987	108.5
279.342	115.5
279.697	108.5
280.051	112.5
280.405	109.5
280.759	103.5
281.114	114.5
281.469	110.5
281.823	99.5
282.177	108.5
282.531	109.5
282.886	106.5
283.24	104.5
283.594	108.5
283.948	112.5
284.302	105.5
284.656	100.5
285.011	105.5
285.365	107.5
285.719	104.5
286.073	116.5
286.427	111.5
286.78	116.5
287.134	106.5
287.489	112.5
287.843	106.5
288.197	115.5
288.551	109.5
288.904	116.5
289.258	106.5
289.612	119.5
289.965	114.5
290.319	112.5
290.673	120.5
291.026	105.5
291.381	124.5
291.735	119.5
292.088	122.5
292.442	120.5
292.795	134.5
293.149	110.5
293.503	113.5
293.856	127.5
294.209	121.5
294.563	115.5
294.916	121.5
295.27	116.5
295.623	125.5
295.977	136.5
296.33	117.5
296.683	127.5
297.037	121.5
297.39	131.5
297.743	123.5
298.097	129.5
298.45	131.5
298.803	132.5
299.156	129.5
299.51	131.5
299.863	133.5
300.216	144.5
300.569	135.5
300.922	130.5
301.275	142.5
301.627	126.5
301.98	136.5
302.333	129.5
302.686	141.5
303.039	151.5
303.392	144.5
303.746	157.5
304.099	157.5
304.452	155.5
304.804	159.5
305.156	172.5
305.509	172.5
305.862	185.5
306.215	178.5
306.568	192.5
306.921	192.5
307.273	194.5
307.626	213.5
307.978	226.5
308.331	242.5
308.683	255.5
309.036	252.5
309.389	269.5
309.742	298.5
310.093	336.5
310.446	329.5
310.798	359.5
311.151	370.5
311.504	368.5
311.855	392.5
312.208	363.5
312.56	345.5
312.913	376.5
313.265	339.5
313.617	323.5
313.969	332.5
314.322	338.5
314.674	292.5
315.025	317.5
315.378	340.5
315.73	298.5
316.083	302.5
316.434	309.5
316.786	323.5
317.138	295.5
317.489	271.5
317.842	272.5
318.194	271.5
318.547	272.5
318.897	268.5
319.25	247.5
319.602	224.5
319.953	211.5
320.305	207.5
320.657	197.5
321.008	187.5
321.36	180.5
321.713	187.5
322.063	161.5
322.416	163.5
322.768	166.5
323.118	162.5
323.471	156.5
323.823	146.5
324.173	151.5
324.525	140.5
324.876	147.5
325.228	139.5
325.58	132.5
325.931	138.5
326.283	128.5
326.633	119.5
326.985	134.5
327.337	119.5
327.688	127.5
328.039	128.5
328.39	116.5
328.742	114.5
329.094	129.5
329.444	124.5
329.796	121.5
330.146	121.5
330.498	111.5
330.848	105.5
331.2	123.5
331.551	117.5
331.902	122.5
332.253	123.5
332.604	111.5
332.954	114.5
333.306	122.5
333.656	116.5
334.008	115.5
334.358	124.5
334.71	112.5
335.06	98.5
335.411	118.5
335.762	117.5
336.113	118.5
