39.5698	110.5
39.941	112.5
40.3108	115.5
40.6805	110.5
41.0503	104.5
41.42	117.5
41.7897	101.5
42.1593	103.5
42.529	103.5
42.9001	107.5
43.2697	99.5
43.6393	96.5
44.0089	113.5
44.3784	102.5
44.748	96.5
45.1175	99.5
45.487	101.5
45.8565	115.5
46.226	98.5
46.5955	101.5
46.9649	114.5
47.3343	104.5
47.7052	106.5
48.0746	109.5
48.4439	124.5
48.8133	133.5
49.1826	131.5
49.5519	126.5
49.9212	117.5
50.2905	124.5
50.6598	127.5
51.029	115.5
51.3982	133.5
51.7675	138.5
52.1366	158.5
52.5058	195.5
52.875	259.5
53.2441	374.5
53.6132	556.5
53.9823	733.5
54.3514	680.5
54.7205	478.5
55.0895	341.5
55.4586	309.5
55.8276	349.5
56.1966	318.5
56.5641	211.5
56.9331	169.5
57.302	159.5
57.671	132.5
58.0399	135.5
58.4088	119.5
58.7776	128.5
59.1465	129.5
59.5153	144.5
59.8841	158.5
60.2529	142.5
60.6217	165.5
60.9905	160.5
61.3578	141.5
61.7265	145.5
62.0953	167.5
62.464	200.5
62.8326	254.5
63.2013	301.5
63.5699	331.5
63.9386	305.5
64.3057	281.5
64.6743	212.5
65.0429	194.5
65.4114	182.5
65.78	155.5
66.1485	136.5
66.517	133.5
66.884	121.5
67.2525	116.5
67.621	100.5
67.9894	116.5
68.3578	112.5
68.7248	107.5
69.0931	97.5
69.4615	100.5
69.8299	92.5
70.1982	95.5
70.565	97.5
70.9333	104.5
71.3016	102.5
71.6699	95.5
72.0381	102.5
72.4049	97.5
72.7731	111.5
73.1413	103.5
73.5094	111.5
73.8762	120.5
74.2443	123.5
74.6124	120.5
74.9805	124.5
75.3471	121.5
75.7152	104.5
76.0832	107.5
76.4513	95.5
76.8178	104.5
77.1858	97.5
77.5538	100.5
77.9203	97.5
78.2883	99.5
78.6562	97.5
79.0241	101.5
79.3905	99.5
79.7584	100.5
80.1262	90.5
80.4926	95.5
80.8605	97.5
81.2282	107.5
81.5946	96.5
81.9624	92.5
82.3301	91.5
82.6964	84.5
83.0641	100.5
83.4318	90.5
83.798	104.5
84.1657	94.5
84.5319	100.5
84.8995	101.5
85.2671	95.5
85.6333	99.5
86.0008	102.5
86.3684	92.5
86.7345	110.5
87.102	104.5
87.468	107.5
87.8355	96.5
88.2016	105.5
88.569	99.5
88.9364	92.5
89.3024	104.5
89.6698	96.5
90.0357	104.5
90.4031	106.5
90.769	97.5
91.1363	108.5
91.5036	110.5
91.8695	107.5
92.2368	100.5
92.6026	97.5
92.9698	102.5
93.3356	95.5
93.7028	99.5
94.0685	95.5
94.4357	91.5
94.8014	96.5
95.1685	111.5
95.5342	106.5
95.9013	108.5
96.267	105.5
96.634	103.5
96.9996	104.5
97.3666	111.5
97.7322	151.5
98.0992	172.5
98.4647	139.5
98.8317	115.5
99.1972	97.5
99.5641	102.5
99.9296	105.5
100.296	105.5
100.662	97.5
101.027	92.5
101.394	112.5
101.76	102.5
102.126	98.5
102.492	102.5
102.858	104.5
103.224	105.5
103.589	108.5
103.956	105.5
104.321	110.5
104.688	103.5
105.053	97.5
105.418	102.5
105.785	99.5
106.15	95.5
106.515	101.5
106.882	102.5
107.247	101.5
107.613	107.5
107.978	94.5
108.343	99.5
108.71	111.5
109.075	100.5
109.44	98.5
109.806	112.5
110.171	111.5
110.536	103.5
110.903	102.5
111.268	106.5
111.633	102.5
111.999	101.5
112.364	98.5
112.729	93.5
113.093	94.5
113.46	102.5
113.825	98.5
114.189	94.5
114.555	102.5
114.92	100.5
115.285	93.5
115.65	95.5
116.016	105.5
116.381	98.5
116.745	93.5
117.11	94.5
117.476	91.5
117.841	97.5
118.205	103.5
118.57	98.5
118.936	96.5
119.3	92.5
119.665	98.5
120.029	88.5
120.394	103.5
120.76	99.5
121.124	99.5
121.489	102.5
121.853	94.5
122.217	93.5
122.583	98.5
122.948	94.5
123.312	99.5
123.676	100.5
124.041	92.5
124.406	89.5
124.771	98.5
125.135	97.5
125.499	89.5
125.863	97.5
126.228	95.5
126.592	85.5
126.957	92.5
127.322	87.5
127.686	99.5
128.05	97.5
128.414	94.5
128.778	91.5
129.142	102.5
129.506	96.5
129.87	98.5
130.236	97.5
130.6	88.5
130.964	91.5
131.328	98.5
131.692	101.5
132.056	98.5
132.419	95.5
132.783	91.5
133.147	89.5
133.511	107.5
133.875	97.5
134.239	94.5
134.603	99.5
134.966	94.5
135.33	95.5
135.694	92.5
136.058	105.5
136.421	99.5
136.785	103.5
137.149	92.5
137.514	101.5
137.878	105.5
138.241	99.5
138.603	93.5
138.967	97.5
139.331	96.5
139.694	97.5
140.058	102.5
140.421	99.5
140.785	95.5
141.148	103.5
141.512	106.5
141.875	99.5
142.239	99.5
142.602	99.5
142.966	90.5
143.329	101.5
143.692	93.5
144.056	98.5
144.419	93.5
144.782	94.5
145.146	99.5
145.509	90.5
145.871	94.5
146.234	96.5
146.597	95.5
146.961	94.5
147.324	85.5
147.687	99.5
148.05	104.5
148.413	108.5
148.777	94.5
149.138	100.5
149.501	96.5
149.864	96.5
150.228	87.5
150.591	103.5
150.954	91.5
151.317	107.5
151.678	101.5
152.041	106.5
152.404	110.5
152.767	111.5
153.13	92.5
153.492	106.5
153.854	107.5
154.217	122.5
154.58	110.5
154.943	134.5
155.304	134.5
155.667	142.5
156.03	173.5
156.393	182.5
156.756	212.5
157.117	205.5
157.48	199.5
157.842	185.5
158.205	172.5
158.566	155.5
158.929	133.5
159.292	129.5
159.654	137.5
160.015	111.5
160.378	105.5
160.741	109.5
161.103	103.5
161.464	108.5
161.827	104.5
162.189	100.5
162.55	94.5
162.913	98.5
163.275	105.5
163.638	97.5
163.999	99.5
164.361	92.5
164.724	101.5
165.085	93.5
165.447	97.5
165.809	96.5
166.17	101.5
166.532	103.5
166.895	100.5
167.256	100.5
167.618	100.5
167.979	101.5
168.341	100.5
168.703	94.5
169.064	93.5
169.426	96.5
169.788	94.5
170.149	98.5
170.511	102.5
170.872	96.5
171.234	94.5
171.596	98.5
171.956	94.5
172.318	98.5
172.679	105.5
173.041	107.5
173.401	102.5
173.763	103.5
174.125	105.5
174.486	103.5
174.848	98.5
175.208	98.5
175.57	100.5
175.931	106.5
176.292	99.5
176.653	98.5
177.015	105.5
177.375	94.5
177.737	100.5
178.098	106.5
178.459	102.5
178.821	111.5
179.181	102.5
179.542	109.5
179.903	108.5
180.264	106.5
180.625	103.5
180.985	118.5
181.346	105.5
181.707	101.5
182.068	107.5
182.428	109.5
182.79	106.5
183.15	105.5
183.511	112.5
183.871	117.5
184.233	115.5
184.593	112.5
184.953	109.5
185.314	107.5
185.674	111.5
186.036	106.5
186.396	111.5
186.757	118.5
187.117	121.5
187.477	121.5
187.838	124.5
188.198	114.5
188.559	124.5
188.919	118.5
189.279	115.5
189.64	111.5
190	109.5
190.359	118.5
190.721	114.5
191.08	114.5
191.44	114.5
191.801	107.5
192.161	110.5
192.52	109.5
192.882	100.5
193.241	98.5
193.601	105.5
193.962	117.5
194.321	106.5
194.681	102.5
195.042	108.5
195.401	106.5
195.761	98.5
196.122	105.5
196.481	98.5
196.841	106.5
197.2	97.5
197.561	101.5
197.92	111.5
198.28	102.5
198.639	100.5
199	115.5
199.359	101.5
199.718	96.5
200.078	98.5
200.438	108.5
200.798	106.5
201.157	104.5
201.516	98.5
201.877	106.5
202.236	104.5
202.595	100.5
202.954	104.5
203.313	94.5
203.674	95.5
204.033	105.5
204.392	98.5
204.751	109.5
205.11	99.5
205.471	101.5
205.83	97.5
206.189	101.5
206.548	105.5
206.907	114.5
207.266	101.5
207.626	115.5
207.985	108.5
208.344	111.5
208.703	105.5
209.062	108.5
209.42	119.5
209.779	115.5
210.138	104.5
210.498	118.5
210.857	103.5
211.216	108.5
211.575	111.5
211.933	109.5
212.292	105.5
212.651	111.5
213.01	107.5
213.368	105.5
213.727	119.5
214.085	107.5
214.444	107.5
214.804	110.5
215.163	111.5
215.521	117.5
215.88	112.5
216.238	106.5
216.597	107.5
216.955	101.5
217.314	99.5
217.672	98.5
218.031	99.5
218.389	101.5
218.748	112.5
219.106	116.5
219.464	106.5
219.823	110.5
220.181	109.5
220.539	110.5
220.898	101.5
221.256	102.5
221.614	110.5
221.973	104.5
222.331	105.5
222.689	115.5
223.047	115.5
223.405	107.5
223.762	118.5
224.12	112.5
224.479	107.5
224.837	117.5
225.195	114.5
225.553	113.5
225.911	124.5
226.269	119.5
226.627	115.5
226.985	123.5
227.343	122.5
227.701	126.5
228.058	123.5
228.416	126.5
228.773	125.5
229.131	131.5
229.489	129.5
229.847	129.5
230.205	142.5
230.563	139.5
230.919	138.5
231.277	135.5
231.635	155.5
231.993	137.5
232.351	136.5
232.708	151.5
233.065	155.5
233.422	155.5
233.78	162.5
234.138	150.5
234.495	162.5
234.852	161.5
235.209	156.5
235.567	160.5
235.925	166.5
236.282	171.5
236.638	187.5
236.996	176.5
237.353	189.5
237.711	184.5
238.067	183.5
238.425	182.5
238.782	186.5
239.139	192.5
239.495	193.5
239.853	181.5
240.21	188.5
240.568	195.5
240.924	188.5
241.281	185.5
241.638	177.5
241.996	176.5
242.352	185.5
242.709	178.5
243.066	174.5
243.422	171.5
243.779	175.5
244.136	169.5
244.492	162.5
244.849	152.5
245.207	158.5
245.562	161.5
245.919	146.5
246.277	136.5
246.632	139.5
246.989	136.5
247.346	144.5
247.702	149.5
248.059	138.5
248.416	137.5
248.772	136.5
249.129	133.5
249.484	143.5
249.841	144.5
250.198	141.5
250.554	136.5
250.911	129.5
251.266	136.5
251.623	140.5
251.98	140.5
252.335	135.5
252.692	136.5
253.047	145.5
253.404	134.5
253.76	134.5
254.116	140.5
254.473	144.5
254.828	131.5
255.185	132.5
255.54	137.5
255.897	136.5
256.252	138.5
256.609	150.5
256.964	146.5
257.321	141.5
257.676	132.5
258.032	140.5
258.388	136.5
258.744	132.5
259.099	146.5
259.456	134.5
259.811	135.5
260.167	140.5
260.522	143.5
260.879	126.5
261.234	132.5
261.59	140.5
261.945	129.5
262.301	139.5
262.656	135.5
263.011	141.5
263.368	149.5
263.723	143.5
264.079	143.5
264.434	142.5
264.79	145.5
265.145	137.5
265.5	140.5
265.856	130.5
266.211	141.5
266.567	128.5
266.921	124.5
267.276	133.5
267.632	112.5
267.987	132.5
268.342	121.5
268.698	126.5
269.052	115.5
269.408	127.5
269.763	127.5
270.118	119.5
270.474	119.5
270.828	117.5
271.183	113.5
271.539	110.5
271.893	112.5
272.248	113.5
272.604	114.5
272.958	109.5
273.312	108.5
273.667	110.5
274.023	114.5
274.377	119.5
274.731	110.5
275.087	110.5
275.442	114.5
275.796	105.5
276.15	107.5
276.506	104.5
276.86	110.5
277.214	112.5
277.569	110.5
277.924	97.5
278.279	108.5
278.633	109.5
278.987	108.5
279.342	111.5
279.697	114.5
280.051	104.5
280.405	104.5
280.759	105.5
281.114	99.5
281.469	118.5
281.823	110.5
282.177	104.5
282.531	114.5
282.886	116.5
283.24	103.5
283.594	106.5
283.948	116.5
284.302	117.5
284.656	110.5
285.011	103.5
285.365	116.5
285.719	112.5
286.073	104.5
286.427	113.5
286.78	116.5
287.134	111.5
287.489	114.5
287.843	110.5
288.197	113.5
288.551	113.5
288.904	116.5
289.258	115.5
289.612	115.5
289.965	123.5
290.319	117.5
290.673	118.5
291.026	118.5
291.381	123.5
291.735	109.5
292.088	129.5
292.442	128.5
292.795	113.5
293.149	128.5
293.503	114.5
293.856	133.5
294.209	124.5
294.563	128.5
294.916	131.5
295.27	130.5
295.623	117.5
295.977	132.5
296.33	120.5
296.683	122.5
297.037	137.5
297.39	134.5
297.743	140.5
298.097	110.5
298.45	138.5
298.803	130.5
299.156	126.5
299.51	136.5
299.863	128.5
300.216	150.5
300.569	130.5
300.922	139.5
301.275	138.5
301.627	132.5
301.98	142.5
302.333	159.5
302.686	139.5
303.039	143.5
303.392	150.5
303.746	146.5
304.099	167.5
304.452	160.5
304.804	190.5
305.156	179.5
305.509	173.5
305.862	195.5
306.215	205.5
306.568	208.5
306.921	216.5
307.273	219.5
307.626	248.5
307.978	256.5
308.331	287.5
308.683	312.5
309.036	297.5
309.389	343.5
309.742	378.5
310.093	409.5
310.446	441.5
310.798	434.5
311.151	456.5
311.504	461.5
311.855	492.5
312.208	468.5
312.56	471.5
312.913	439.5
313.265	459.5
313.617	438.5
313.969	387.5
314.322	385.5
314.674	361.5
315.025	363.5
315.378	384.5
315.73	370.5
316.083	359.5
316.434	378.5
316.786	338.5
317.138	347.5
317.489	330.5
317.842	316.5
318.194	316.5
318.547	285.5
318.897	294.5
319.25	265.5
319.602	267.5
319.953	241.5
320.305	248.5
320.657	228.5
321.008	199.5
321.36	201.5
321.713	191.5
322.063	189.5
322.416	162.5
322.768	187.5
323.118	171.5
323.471	160.5
323.823	145.5
324.173	154.5
324.525	148.5
324.876	160.5
325.228	137.5
325.58	145.5
325.931	147.5
326.283	132.5
326.633	122.5
326.985	126.5
327.337	129.5
327.688	132.5
328.039	134.5
328.39	130.5
328.742	132.5
329.094	118.5
329.444	113.5
329.796	128.5
330.146	124.5
330.498	126.5
330.848	106.5
331.2	126.5
331.551	125.5
331.902	113.5
332.253	118.5
332.604	118.5
332.954	116.5
333.306	114.5
333.656	108.5
334.008	105.5
334.358	115.5
334.71	121.5
335.06	111.5
335.411	116.5
335.762	119.5
336.113	118.5
