39.5698	144.5
39.941	114.5
40.3108	122.5
40.6805	120.5
41.0503	113.5
41.42	109.5
41.7897	113.5
42.1593	110.5
42.529	112.5
42.9001	108.5
43.2697	110.5
43.6393	112.5
44.0089	113.5
44.3784	122.5
44.748	122.5
45.1175	103.5
45.487	108.5
45.8565	112.5
46.226	113.5
46.5955	120.5
46.9649	107.5
47.3343	116.5
47.7052	115.5
48.0746	115.5
48.4439	119.5
48.8133	151.5
49.1826	154.5
49.5519	128.5
49.9212	113.5
50.2905	125.5
50.6598	110.5
51.029	129.5
51.3982	133.5
51.7675	151.5
52.1366	165.5
52.5058	209.5
52.875	276.5
53.2441	381.5
53.6132	599.5
53.9823	766.5
54.3514	679.5
54.7205	506.5
55.0895	345.5
55.4586	322.5
55.8276	373.5
56.1966	350.5
56.5641	223.5
56.9331	174.5
57.302	160.5
57.671	146.5
58.0399	142.5
58.4088	126.5
58.7776	128.5
59.1465	130.5
59.5153	132.5
59.8841	153.5
60.2529	167.5
60.6217	158.5
60.9905	169.5
61.3578	153.5
61.7265	175.5
62.0953	169.5
62.464	243.5
62.8326	300.5
63.2013	361.5
63.5699	429.5
63.9386	374.5
64.3057	308.5
64.6743	238.5
65.0429	213.5
65.4114	171.5
65.78	165.5
66.1485	146.5
66.517	147.5
66.884	123.5
67.2525	115.5
67.621	104.5
67.9894	117.5
68.3578	112.5
68.7248	114.5
69.0931	111.5
69.4615	103.5
69.8299	106.5
70.1982	107.5
70.565	102.5
70.9333	105.5
71.3016	90.5
71.6699	102.5
72.0381	104.5
72.4049	111.5
72.7731	107.5
73.1413	121.5
73.5094	126.5
73.8762	129.5
74.2443	142.5
74.6124	161.5
74.9805	133.5
75.3471	122.5
75.7152	125.5
76.0832	103.5
76.4513	105.5
76.8178	100.5
77.1858	101.5
77.5538	105.5
77.9203	101.5
78.2883	104.5
78.6562	105.5
79.0241	108.5
79.3905	112.5
79.7584	103.5
80.1262	98.5
80.4926	103.5
80.8605	92.5
81.2282	100.5
81.5946	97.5
81.9624	103.5
82.3301	99.5
82.6964	93.5
83.0641	96.5
83.4318	98.5
83.798	104.5
84.1657	105.5
84.5319	113.5
84.8995	111.5
85.2671	106.5
85.6333	105.5
86.0008	103.5
86.3684	108.5
86.7345	114.5
87.102	106.5
87.468	103.5
87.8355	95.5
88.2016	99.5
88.569	110.5
88.9364	99.5
89.3024	111.5
89.6698	106.5
90.0357	109.5
90.4031	106.5
90.769	112.5
91.1363	96.5
91.5036	103.5
91.8695	110.5
92.2368	102.5
92.6026	104.5
92.9698	102.5
93.3356	110.5
93.7028	109.5
94.0685	96.5
94.4357	112.5
94.8014	110.5
95.1685	116.5
95.5342	111.5
95.9013	100.5
96.267	117.5
96.634	106.5
96.9996	102.5
97.3666	104.5
97.7322	159.5
98.0992	205.5
98.4647	174.5
98.8317	116.5
99.1972	106.5
99.5641	111.5
99.9296	112.5
100.296	112.5
100.662	111.5
101.027	110.5
101.394	112.5
101.76	114.5
102.126	115.5
102.492	117.5
102.858	105.5
103.224	105.5
103.589	112.5
103.956	109.5
104.321	113.5
104.688	112.5
105.053	114.5
105.418	89.5
105.785	116.5
106.15	102.5
106.515	105.5
106.882	102.5
107.247	109.5
107.613	107.5
107.978	103.5
108.343	101.5
108.71	102.5
109.075	105.5
109.44	114.5
109.806	110.5
110.171	103.5
110.536	114.5
110.903	111.5
111.268	99.5
111.633	106.5
111.999	104.5
112.364	105.5
112.729	111.5
113.093	98.5
113.46	98.5
113.825	91.5
114.189	104.5
114.555	95.5
114.92	96.5
115.285	102.5
115.65	106.5
116.016	104.5
116.381	93.5
116.745	104.5
117.11	95.5
117.476	97.5
117.841	102.5
118.205	99.5
118.57	105.5
118.936	101.5
119.3	99.5
119.665	105.5
120.029	95.5
120.394	98.5
120.76	92.5
121.124	97.5
121.489	94.5
121.853	106.5
122.217	96.5
122.583	107.5
122.948	102.5
123.312	99.5
123.676	100.5
124.041	101.5
124.406	105.5
124.771	93.5
125.135	95.5
125.499	98.5
125.863	98.5
126.228	96.5
126.592	95.5
126.957	91.5
127.322	100.5
127.686	92.5
128.05	104.5
128.414	97.5
128.778	98.5
129.142	99.5
129.506	101.5
129.87	98.5
130.236	98.5
130.6	97.5
130.964	102.5
131.328	106.5
131.692	99.5
132.056	102.5
132.419	102.5
132.783	106.5
133.147	100.5
133.511	103.5
133.875	104.5
134.239	99.5
134.603	103.5
134.966	98.5
135.33	101.5
135.694	106.5
136.058	102.5
136.421	101.5
136.785	97.5
137.149	106.5
137.514	105.5
137.878	98.5
138.241	107.5
138.603	104.5
138.967	97.5
139.331	106.5
139.694	102.5
140.058	107.5
140.421	103.5
140.785	109.5
141.148	108.5
141.512	93.5
141.875	108.5
142.239	101.5
142.602	93.5
142.966	103.5
143.329	103.5
143.692	102.5
144.056	97.5
144.419	100.5
144.782	97.5
145.146	107.5
145.509	105.5
145.871	104.5
146.234	96.5
146.597	107.5
146.961	99.5
147.324	103.5
147.687	98.5
148.05	99.5
148.413	101.5
148.777	110.5
149.138	102.5
149.501	106.5
149.864	104.5
150.228	98.5
150.591	105.5
150.954	106.5
151.317	96.5
151.678	101.5
152.041	93.5
152.404	119.5
152.767	116.5
153.13	115.5
153.492	114.5
153.854	115.5
154.217	122.5
154.58	122.5
154.943	134.5
155.304	141.5
155.667	155.5
156.03	179.5
156.393	191.5
156.756	215.5
157.117	208.5
157.48	249.5
157.842	213.5
158.205	182.5
158.566	161.5
158.929	148.5
159.292	119.5
159.654	120.5
160.015	132.5
160.378	124.5
160.741	106.5
161.103	114.5
161.464	106.5
161.827	113.5
162.189	112.5
162.55	114.5
162.913	112.5
163.275	97.5
163.638	108.5
163.999	111.5
164.361	97.5
164.724	104.5
165.085	112.5
165.447	100.5
165.809	113.5
166.17	95.5
166.532	113.5
166.895	110.5
167.256	105.5
167.618	93.5
167.979	106.5
168.341	99.5
168.703	105.5
169.064	97.5
169.426	94.5
169.788	103.5
170.149	101.5
170.511	104.5
170.872	104.5
171.234	101.5
171.596	104.5
171.956	102.5
172.318	109.5
172.679	111.5
173.041	102.5
173.401	106.5
173.763	110.5
174.125	102.5
174.486	108.5
174.848	104.5
175.208	103.5
175.57	111.5
175.931	101.5
176.292	104.5
176.653	106.5
177.015	112.5
177.375	108.5
177.737	104.5
178.098	108.5
178.459	109.5
178.821	110.5
179.181	109.5
179.542	104.5
179.903	111.5
180.264	111.5
180.625	108.5
180.985	111.5
181.346	109.5
181.707	111.5
182.068	107.5
182.428	121.5
182.79	116.5
183.15	123.5
183.511	121.5
183.871	121.5
184.233	111.5
184.593	121.5
184.953	112.5
185.314	124.5
185.674	120.5
186.036	118.5
186.396	127.5
186.757	121.5
187.117	128.5
187.477	116.5
187.838	129.5
188.198	120.5
188.559	127.5
188.919	122.5
189.279	118.5
189.64	122.5
190	117.5
190.359	122.5
190.721	109.5
191.08	112.5
191.44	107.5
191.801	111.5
192.161	115.5
192.52	112.5
192.882	112.5
193.241	122.5
193.601	112.5
193.962	113.5
194.321	108.5
194.681	112.5
195.042	109.5
195.401	101.5
195.761	112.5
196.122	107.5
196.481	101.5
196.841	116.5
197.2	111.5
197.561	110.5
197.92	106.5
198.28	110.5
198.639	106.5
199	102.5
199.359	113.5
199.718	110.5
200.078	99.5
200.438	107.5
200.798	109.5
201.157	117.5
201.516	102.5
201.877	98.5
202.236	111.5
202.595	101.5
202.954	102.5
203.313	104.5
203.674	109.5
204.033	105.5
204.392	94.5
204.751	103.5
205.11	108.5
205.471	110.5
205.83	110.5
206.189	107.5
206.548	97.5
206.907	110.5
207.266	106.5
207.626	105.5
207.985	115.5
208.344	103.5
208.703	108.5
209.062	116.5
209.42	115.5
209.779	108.5
210.138	114.5
210.498	116.5
210.857	114.5
211.216	120.5
211.575	123.5
211.933	117.5
212.292	112.5
212.651	108.5
213.01	116.5
213.368	119.5
213.727	124.5
214.085	114.5
214.444	117.5
214.804	108.5
215.163	113.5
215.521	120.5
215.88	107.5
216.238	111.5
216.597	114.5
216.955	109.5
217.314	113.5
217.672	119.5
218.031	114.5
218.389	109.5
218.748	109.5
219.106	122.5
219.464	106.5
219.823	107.5
220.181	122.5
220.539	112.5
220.898	111.5
221.256	114.5
221.614	112.5
221.973	116.5
222.331	112.5
222.689	118.5
223.047	119.5
223.405	108.5
223.762	111.5
224.12	120.5
224.479	121.5
224.837	113.5
225.195	112.5
225.553	121.5
225.911	121.5
226.269	122.5
226.627	130.5
226.985	131.5
227.343	132.5
227.701	125.5
228.058	142.5
228.416	146.5
228.773	136.5
229.131	145.5
229.489	145.5
229.847	132.5
230.205	141.5
230.563	144.5
230.919	136.5
231.277	143.5
231.635	156.5
231.993	156.5
232.351	151.5
232.708	152.5
233.065	151.5
233.422	152.5
233.78	163.5
234.138	167.5
234.495	171.5
234.852	176.5
235.209	170.5
235.567	178.5
235.925	196.5
236.282	191.5
236.638	184.5
236.996	200.5
237.353	202.5
237.711	201.5
238.067	174.5
238.425	192.5
238.782	203.5
239.139	196.5
239.495	208.5
239.853	206.5
240.21	191.5
240.568	207.5
240.924	199.5
241.281	200.5
241.638	206.5
241.996	200.5
242.352	180.5
242.709	180.5
243.066	160.5
243.422	178.5
243.779	177.5
244.136	186.5
244.492	169.5
244.849	172.5
245.207	167.5
245.562	163.5
245.919	160.5
246.277	149.5
246.632	164.5
246.989	134.5
247.346	148.5
247.702	154.5
248.059	157.5
248.416	149.5
248.772	140.5
249.129	146.5
249.484	136.5
249.841	152.5
250.198	147.5
250.554	146.5
250.911	147.5
251.266	132.5
251.623	140.5
251.98	145.5
252.335	135.5
252.692	144.5
253.047	152.5
253.404	144.5
253.76	133.5
254.116	148.5
254.473	152.5
254.828	145.5
255.185	142.5
255.54	142.5
255.897	151.5
256.252	137.5
256.609	151.5
256.964	146.5
257.321	123.5
257.676	135.5
258.032	146.5
258.388	144.5
258.744	156.5
259.099	129.5
259.456	128.5
259.811	139.5
260.167	134.5
260.522	152.5
260.879	139.5
261.234	144.5
261.59	144.5
261.945	134.5
262.301	147.5
262.656	150.5
263.011	149.5
263.368	136.5
263.723	143.5
264.079	151.5
264.434	151.5
264.79	146.5
265.145	144.5
265.5	130.5
265.856	137.5
266.211	144.5
266.567	130.5
266.921	122.5
267.276	154.5
267.632	146.5
267.987	143.5
268.342	136.5
268.698	132.5
269.052	122.5
269.408	125.5
269.763	128.5
270.118	135.5
270.474	127.5
270.828	122.5
271.183	124.5
271.539	135.5
271.893	131.5
272.248	120.5
272.604	127.5
272.958	117.5
273.312	127.5
273.667	118.5
274.023	123.5
274.377	104.5
274.731	120.5
275.087	118.5
275.442	119.5
275.796	116.5
276.15	112.5
276.506	106.5
276.86	109.5
277.214	110.5
277.569	118.5
277.924	116.5
278.279	115.5
278.633	118.5
278.987	112.5
279.342	114.5
279.697	121.5
280.051	107.5
280.405	121.5
280.759	114.5
281.114	125.5
281.469	111.5
281.823	105.5
282.177	115.5
282.531	117.5
282.886	112.5
283.24	115.5
283.594	115.5
283.948	115.5
284.302	111.5
284.656	122.5
285.011	111.5
285.365	113.5
285.719	111.5
286.073	116.5
286.427	111.5
286.78	122.5
287.134	113.5
287.489	122.5
287.843	109.5
288.197	120.5
288.551	113.5
288.904	122.5
289.258	122.5
289.612	119.5
289.965	122.5
290.319	121.5
290.673	123.5
291.026	129.5
291.381	137.5
291.735	132.5
292.088	123.5
292.442	119.5
292.795	121.5
293.149	122.5
293.503	129.5
293.856	140.5
294.209	135.5
294.563	142.5
294.916	123.5
295.27	137.5
295.623	143.5
295.977	138.5
296.33	137.5
296.683	139.5
297.037	138.5
297.39	126.5
297.743	142.5
298.097	155.5
298.45	140.5
298.803	155.5
299.156	134.5
299.51	150.5
299.863	147.5
300.216	151.5
300.569	149.5
300.922	161.5
301.275	179.5
301.627	171.5
301.98	164.5
302.333	156.5
302.686	175.5
303.039	170.5
303.392	186.5
303.746	171.5
304.099	169.5
304.452	184.5
304.804	194.5
305.156	207.5
305.509	202.5
305.862	235.5
306.215	219.5
306.568	233.5
306.921	255.5
307.273	271.5
307.626	274.5
307.978	276.5
308.331	335.5
308.683	352.5
309.036	340.5
309.389	418.5
309.742	458.5
310.093	468.5
310.446	522.5
310.798	530.5
311.151	572.5
311.504	559.5
311.855	552.5
312.208	577.5
312.56	538.5
312.913	504.5
313.265	523.5
313.617	478.5
313.969	468.5
314.322	425.5
314.674	429.5
315.025	422.5
315.378	434.5
315.73	391.5
316.083	402.5
316.434	429.5
316.786	362.5
317.138	397.5
317.489	402.5
317.842	365.5
318.194	384.5
318.547	350.5
318.897	325.5
319.25	330.5
319.602	300.5
319.953	279.5
320.305	262.5
320.657	255.5
321.008	232.5
321.36	233.5
321.713	207.5
322.063	222.5
322.416	204.5
322.768	198.5
323.118	183.5
323.471	193.5
323.823	179.5
324.173	159.5
324.525	166.5
324.876	163.5
325.228	169.5
325.58	152.5
325.931	159.5
326.283	165.5
326.633	144.5
326.985	144.5
327.337	155.5
327.688	145.5
328.039	153.5
328.39	132.5
328.742	142.5
329.094	133.5
329.444	139.5
329.796	137.5
330.146	137.5
330.498	135.5
330.848	129.5
331.2	125.5
331.551	129.5
331.902	134.5
332.253	135.5
332.604	126.5
332.954	114.5
333.306	119.5
333.656	114.5
334.008	124.5
334.358	115.5
334.71	130.5
335.06	122.5
335.411	117.5
335.762	127.5
336.113	117.5
