39.5698	148.5
39.941	128.5
40.3108	123.5
40.6805	112.5
41.0503	116.5
41.42	98.5
41.7897	100.5
42.1593	112.5
42.529	105.5
42.9001	103.5
43.2697	112.5
43.6393	107.5
44.0089	104.5
44.3784	100.5
44.748	98.5
45.1175	103.5
45.487	100.5
45.8565	108.5
46.226	97.5
46.5955	94.5
46.9649	107.5
47.3343	106.5
47.7052	123.5
48.0746	104.5
48.4439	106.5
48.8133	117.5
49.1826	120.5
49.5519	118.5
49.9212	100.5
50.2905	113.5
50.6598	108.5
51.029	112.5
51.3982	116.5
51.7675	125.5
52.1366	124.5
52.5058	128.5
52.875	142.5
53.2441	173.5
53.6132	184.5
53.9823	206.5
54.3514	238.5
54.7205	258.5
55.0895	433.5
55.4586	798.5
55.8276	998.5
56.1966	762.5
56.5641	377.5
56.9331	227.5
57.302	186.5
57.671	164.5
58.0399	136.5
58.4088	150.5
58.7776	166.5
59.1465	190.5
59.5153	248.5
59.8841	276.5
60.2529	316.5
60.6217	289.5
60.9905	259.5
61.3578	234.5
61.7265	200.5
62.0953	231.5
62.464	265.5
62.8326	342.5
63.2013	442.5
63.5699	413.5
63.9386	383.5
64.3057	320.5
64.6743	277.5
65.0429	240.5
65.4114	254.5
65.78	213.5
66.1485	193.5
66.517	178.5
66.884	145.5
67.2525	133.5
67.621	110.5
67.9894	120.5
68.3578	107.5
68.7248	107.5
69.0931	106.5
69.4615	109.5
69.8299	103.5
70.1982	110.5
70.565	99.5
70.9333	110.5
71.3016	103.5
71.6699	109.5
72.0381	110.5
72.4049	111.5
72.7731	112.5
73.1413	127.5
73.5094	140.5
73.8762	144.5
74.2443	173.5
74.6124	142.5
74.9805	150.5
75.3471	124.5
75.7152	123.5
76.0832	100.5
76.4513	103.5
76.8178	96.5
77.1858	95.5
77.5538	92.5
77.9203	93.5
78.2883	95.5
78.6562	102.5
79.0241	101.5
79.3905	103.5
79.7584	97.5
80.1262	102.5
80.4926	102.5
80.8605	99.5
81.2282	102.5
81.5946	95.5
81.9624	102.5
82.3301	96.5
82.6964	87.5
83.0641	90.5
83.4318	99.5
83.798	86.5
84.1657	87.5
84.5319	91.5
84.8995	96.5
85.2671	99.5
85.6333	95.5
86.0008	94.5
86.3684	98.5
86.7345	96.5
87.102	99.5
87.468	101.5
87.8355	98.5
88.2016	96.5
88.569	105.5
88.9364	97.5
89.3024	98.5
89.6698	111.5
90.0357	103.5
90.4031	112.5
90.769	109.5
91.1363	100.5
91.5036	104.5
91.8695	94.5
92.2368	101.5
92.6026	94.5
92.9698	93.5
93.3356	87.5
93.7028	90.5
94.0685	94.5
94.4357	104.5
94.8014	101.5
95.1685	103.5
95.5342	100.5
95.9013	97.5
96.267	95.5
96.634	92.5
96.9996	95.5
97.3666	97.5
97.7322	118.5
98.0992	133.5
98.4647	113.5
98.8317	99.5
99.1972	91.5
99.5641	89.5
99.9296	95.5
100.296	97.5
100.662	102.5
101.027	97.5
101.394	96.5
101.76	100.5
102.126	96.5
102.492	102.5
102.858	91.5
103.224	95.5
103.589	104.5
103.956	96.5
104.321	92.5
104.688	92.5
105.053	92.5
105.418	97.5
105.785	97.5
106.15	100.5
106.515	95.5
106.882	95.5
107.247	88.5
107.613	88.5
107.978	97.5
108.343	94.5
108.71	98.5
109.075	91.5
109.44	106.5
109.806	97.5
110.171	91.5
110.536	105.5
110.903	106.5
111.268	96.5
111.633	86.5
111.999	100.5
112.364	88.5
112.729	92.5
113.093	82.5
113.46	92.5
113.825	99.5
114.189	93.5
114.555	95.5
114.92	99.5
115.285	83.5
115.65	99.5
116.016	93.5
116.381	95.5
116.745	100.5
117.11	93.5
117.476	87.5
117.841	91.5
118.205	100.5
118.57	100.5
118.936	91.5
119.3	96.5
119.665	88.5
120.029	98.5
120.394	89.5
120.76	96.5
121.124	97.5
121.489	92.5
121.853	86.5
122.217	95.5
122.583	96.5
122.948	90.5
123.312	95.5
123.676	85.5
124.041	98.5
124.406	89.5
124.771	97.5
125.135	94.5
125.499	96.5
125.863	98.5
126.228	96.5
126.592	86.5
126.957	89.5
127.322	84.5
127.686	94.5
128.05	92.5
128.414	95.5
128.778	86.5
129.142	95.5
129.506	94.5
129.87	94.5
130.236	99.5
130.6	93.5
130.964	94.5
131.328	96.5
131.692	90.5
132.056	94.5
132.419	90.5
132.783	94.5
133.147	84.5
133.511	96.5
133.875	98.5
134.239	97.5
134.603	100.5
134.966	94.5
135.33	97.5
135.694	98.5
136.058	92.5
136.421	101.5
136.785	95.5
137.149	102.5
137.514	93.5
137.878	98.5
138.241	97.5
138.603	90.5
138.967	90.5
139.331	86.5
139.694	101.5
140.058	85.5
140.421	92.5
140.785	89.5
141.148	90.5
141.512	97.5
141.875	88.5
142.239	92.5
142.602	91.5
142.966	96.5
143.329	94.5
143.692	96.5
144.056	94.5
144.419	94.5
144.782	88.5
145.146	97.5
145.509	93.5
145.871	89.5
146.234	98.5
146.597	92.5
146.961	94.5
147.324	65.5
147.687	99.5
148.05	87.5
148.413	88.5
148.777	94.5
149.138	89.5
149.501	95.5
149.864	86.5
150.228	93.5
150.591	102.5
150.954	93.5
151.317	94.5
151.678	89.5
152.041	92.5
152.404	98.5
152.767	92.5
153.13	103.5
153.492	99.5
153.854	92.5
154.217	93.5
154.58	99.5
154.943	100.5
155.304	102.5
155.667	99.5
156.03	102.5
156.393	110.5
156.756	119.5
157.117	106.5
157.48	116.5
157.842	110.5
158.205	110.5
158.566	110.5
158.929	112.5
159.292	100.5
159.654	110.5
160.015	108.5
160.378	98.5
160.741	96.5
161.103	93.5
161.464	104.5
161.827	106.5
162.189	92.5
162.55	90.5
162.913	102.5
163.275	103.5
163.638	99.5
163.999	101.5
164.361	96.5
164.724	101.5
165.085	94.5
165.447	106.5
165.809	93.5
166.17	96.5
166.532	107.5
166.895	100.5
167.256	98.5
167.618	99.5
167.979	99.5
168.341	95.5
168.703	97.5
169.064	102.5
169.426	96.5
169.788	101.5
170.149	107.5
170.511	100.5
170.872	96.5
171.234	103.5
171.596	109.5
171.956	99.5
172.318	100.5
172.679	96.5
173.041	104.5
173.401	106.5
173.763	107.5
174.125	117.5
174.486	109.5
174.848	101.5
175.208	112.5
175.57	105.5
175.931	103.5
176.292	107.5
176.653	108.5
177.015	111.5
177.375	107.5
177.737	105.5
178.098	111.5
178.459	108.5
178.821	96.5
179.181	109.5
179.542	114.5
179.903	114.5
180.264	119.5
180.625	118.5
180.985	116.5
181.346	121.5
181.707	120.5
182.068	116.5
182.428	131.5
182.79	121.5
183.15	128.5
183.511	130.5
183.871	137.5
184.233	131.5
184.593	138.5
184.953	143.5
185.314	136.5
185.674	131.5
186.036	144.5
186.396	147.5
186.757	142.5
187.117	147.5
187.477	135.5
187.838	128.5
188.198	147.5
188.559	135.5
188.919	139.5
189.279	127.5
189.64	136.5
190	136.5
190.359	144.5
190.721	130.5
191.08	134.5
191.44	120.5
191.801	123.5
192.161	123.5
192.52	120.5
192.882	123.5
193.241	136.5
193.601	128.5
193.962	122.5
194.321	131.5
194.681	125.5
195.042	127.5
195.401	133.5
195.761	129.5
196.122	128.5
196.481	130.5
196.841	112.5
197.2	125.5
197.561	121.5
197.92	122.5
198.28	122.5
198.639	127.5
199	119.5
199.359	115.5
199.718	118.5
200.078	113.5
200.438	123.5
200.798	111.5
201.157	126.5
201.516	114.5
201.877	122.5
202.236	118.5
202.595	117.5
202.954	123.5
203.313	123.5
203.674	122.5
204.033	122.5
204.392	127.5
204.751	122.5
205.11	116.5
205.471	125.5
205.83	142.5
206.189	127.5
206.548	129.5
206.907	115.5
207.266	128.5
207.626	129.5
207.985	140.5
208.344	137.5
208.703	153.5
209.062	155.5
209.42	167.5
209.779	167.5
210.138	172.5
210.498	176.5
210.857	173.5
211.216	185.5
211.575	169.5
211.933	173.5
212.292	168.5
212.651	175.5
213.01	161.5
213.368	169.5
213.727	154.5
214.085	152.5
214.444	151.5
214.804	141.5
215.163	147.5
215.521	128.5
215.88	124.5
216.238	114.5
216.597	111.5
216.955	120.5
217.314	126.5
217.672	113.5
218.031	126.5
218.389	118.5
218.748	111.5
219.106	109.5
219.464	120.5
219.823	112.5
220.181	112.5
220.539	108.5
220.898	113.5
221.256	107.5
221.614	100.5
221.973	109.5
222.331	116.5
222.689	106.5
223.047	117.5
223.405	106.5
223.762	114.5
224.12	111.5
224.479	108.5
224.837	107.5
225.195	114.5
225.553	106.5
225.911	112.5
226.269	117.5
226.627	120.5
226.985	111.5
227.343	125.5
227.701	117.5
228.058	125.5
228.416	102.5
228.773	108.5
229.131	120.5
229.489	111.5
229.847	122.5
230.205	120.5
230.563	117.5
230.919	114.5
231.277	122.5
231.635	126.5
231.993	123.5
232.351	121.5
232.708	123.5
233.065	123.5
233.422	124.5
233.78	129.5
234.138	130.5
234.495	121.5
234.852	132.5
235.209	138.5
235.567	134.5
235.925	138.5
236.282	142.5
236.638	137.5
236.996	120.5
237.353	134.5
237.711	136.5
238.067	146.5
238.425	144.5
238.782	133.5
239.139	137.5
239.495	134.5
239.853	137.5
240.21	138.5
240.568	142.5
240.924	143.5
241.281	128.5
241.638	136.5
241.996	130.5
242.352	142.5
242.709	133.5
243.066	132.5
243.422	130.5
243.779	133.5
244.136	141.5
244.492	131.5
244.849	130.5
245.207	132.5
245.562	129.5
245.919	137.5
246.277	124.5
246.632	129.5
246.989	126.5
247.346	134.5
247.702	135.5
248.059	131.5
248.416	147.5
248.772	141.5
249.129	131.5
249.484	146.5
249.841	137.5
250.198	146.5
250.554	154.5
250.911	146.5
251.266	144.5
251.623	144.5
251.98	153.5
252.335	168.5
252.692	168.5
253.047	142.5
253.404	174.5
253.76	157.5
254.116	188.5
254.473	177.5
254.828	166.5
255.185	166.5
255.54	175.5
255.897	151.5
256.252	166.5
256.609	170.5
256.964	163.5
257.321	163.5
257.676	159.5
258.032	157.5
258.388	150.5
258.744	149.5
259.099	151.5
259.456	128.5
259.811	140.5
260.167	144.5
260.522	139.5
260.879	126.5
261.234	136.5
261.59	143.5
261.945	134.5
262.301	124.5
262.656	121.5
263.011	126.5
263.368	125.5
263.723	124.5
264.079	123.5
264.434	118.5
264.79	123.5
265.145	126.5
265.5	113.5
265.856	125.5
266.211	116.5
266.567	118.5
266.921	117.5
267.276	105.5
267.632	110.5
267.987	120.5
268.342	117.5
268.698	113.5
269.052	114.5
269.408	113.5
269.763	115.5
270.118	111.5
270.474	106.5
270.828	105.5
271.183	116.5
271.539	107.5
271.893	109.5
272.248	108.5
272.604	102.5
272.958	109.5
273.312	104.5
273.667	117.5
274.023	99.5
274.377	109.5
274.731	98.5
275.087	115.5
275.442	116.5
275.796	112.5
276.15	98.5
276.506	111.5
276.86	103.5
277.214	108.5
277.569	110.5
277.924	109.5
278.279	105.5
278.633	102.5
278.987	109.5
279.342	105.5
279.697	106.5
280.051	106.5
280.405	105.5
280.759	110.5
281.114	105.5
281.469	107.5
281.823	109.5
282.177	104.5
282.531	110.5
282.886	104.5
283.24	105.5
283.594	106.5
283.948	111.5
284.302	118.5
284.656	109.5
285.011	103.5
285.365	111.5
285.719	112.5
286.073	111.5
286.427	120.5
286.78	106.5
287.134	106.5
287.489	116.5
287.843	119.5
288.197	108.5
288.551	109.5
288.904	118.5
289.258	107.5
289.612	108.5
289.965	121.5
290.319	115.5
290.673	124.5
291.026	124.5
291.381	125.5
291.735	117.5
292.088	122.5
292.442	120.5
292.795	111.5
293.149	119.5
293.503	117.5
293.856	125.5
294.209	118.5
294.563	122.5
294.916	125.5
295.27	129.5
295.623	126.5
295.977	127.5
296.33	136.5
296.683	130.5
297.037	132.5
297.39	134.5
297.743	118.5
298.097	135.5
298.45	142.5
298.803	142.5
299.156	130.5
299.51	141.5
299.863	133.5
300.216	128.5
300.569	141.5
300.922	144.5
301.275	132.5
301.627	157.5
301.98	132.5
302.333	159.5
302.686	160.5
303.039	158.5
303.392	166.5
303.746	154.5
304.099	177.5
304.452	172.5
304.804	178.5
305.156	191.5
305.509	196.5
305.862	193.5
306.215	213.5
306.568	229.5
306.921	238.5
307.273	246.5
307.626	275.5
307.978	278.5
308.331	323.5
308.683	323.5
309.036	358.5
309.389	394.5
309.742	389.5
310.093	438.5
310.446	429.5
310.798	478.5
311.151	462.5
311.504	509.5
311.855	441.5
312.208	460.5
312.56	413.5
312.913	390.5
313.265	374.5
313.617	321.5
313.969	316.5
314.322	275.5
314.674	279.5
315.025	274.5
315.378	251.5
315.73	255.5
316.083	222.5
316.434	213.5
316.786	215.5
317.138	211.5
317.489	206.5
317.842	186.5
318.194	189.5
318.547	186.5
318.897	172.5
319.25	158.5
319.602	157.5
319.953	163.5
320.305	163.5
320.657	163.5
321.008	151.5
321.36	143.5
321.713	148.5
322.063	123.5
322.416	137.5
322.768	146.5
323.118	136.5
323.471	121.5
323.823	122.5
324.173	135.5
324.525	119.5
324.876	131.5
325.228	124.5
325.58	127.5
325.931	123.5
326.283	123.5
326.633	126.5
326.985	111.5
327.337	124.5
327.688	119.5
328.039	121.5
328.39	122.5
328.742	109.5
329.094	116.5
329.444	116.5
329.796	118.5
330.146	122.5
330.498	109.5
330.848	111.5
331.2	107.5
331.551	113.5
331.902	109.5
332.253	117.5
332.604	117.5
332.954	113.5
333.306	117.5
333.656	109.5
334.008	100.5
334.358	110.5
334.71	117.5
335.06	109.5
335.411	105.5
335.762	115.5
336.113	108.5
