39.5698	136.5
39.941	138.5
40.3108	124.5
40.6805	116.5
41.0503	112.5
41.42	118.5
41.7897	114.5
42.1593	114.5
42.529	107.5
42.9001	108.5
43.2697	106.5
43.6393	111.5
44.0089	125.5
44.3784	108.5
44.748	110.5
45.1175	105.5
45.487	112.5
45.8565	109.5
46.226	109.5
46.5955	114.5
46.9649	113.5
47.3343	107.5
47.7052	112.5
48.0746	115.5
48.4439	119.5
48.8133	161.5
49.1826	159.5
49.5519	128.5
49.9212	121.5
50.2905	115.5
50.6598	125.5
51.029	132.5
51.3982	126.5
51.7675	139.5
52.1366	168.5
52.5058	191.5
52.875	272.5
53.2441	383.5
53.6132	589.5
53.9823	789.5
54.3514	685.5
54.7205	515.5
55.0895	357.5
55.4586	335.5
55.8276	392.5
56.1966	328.5
56.5641	216.5
56.9331	181.5
57.302	169.5
57.671	176.5
58.0399	135.5
58.4088	140.5
58.7776	123.5
59.1465	136.5
59.5153	134.5
59.8841	139.5
60.2529	152.5
60.6217	161.5
60.9905	155.5
61.3578	168.5
61.7265	193.5
62.0953	220.5
62.464	254.5
62.8326	320.5
63.2013	406.5
63.5699	465.5
63.9386	459.5
64.3057	370.5
64.6743	294.5
65.0429	227.5
65.4114	192.5
65.78	157.5
66.1485	147.5
66.517	145.5
66.884	129.5
67.2525	125.5
67.621	121.5
67.9894	104.5
68.3578	115.5
68.7248	111.5
69.0931	113.5
69.4615	108.5
69.8299	94.5
70.1982	102.5
70.565	96.5
70.9333	109.5
71.3016	112.5
71.6699	103.5
72.0381	105.5
72.4049	107.5
72.7731	120.5
73.1413	108.5
73.5094	122.5
73.8762	134.5
74.2443	145.5
74.6124	167.5
74.9805	157.5
75.3471	129.5
75.7152	131.5
76.0832	112.5
76.4513	100.5
76.8178	108.5
77.1858	100.5
77.5538	106.5
77.9203	98.5
78.2883	96.5
78.6562	104.5
79.0241	116.5
79.3905	111.5
79.7584	105.5
80.1262	101.5
80.4926	103.5
80.8605	100.5
81.2282	95.5
81.5946	100.5
81.9624	99.5
82.3301	94.5
82.6964	99.5
83.0641	98.5
83.4318	101.5
83.798	109.5
84.1657	93.5
84.5319	101.5
84.8995	105.5
85.2671	100.5
85.6333	105.5
86.0008	107.5
86.3684	105.5
86.7345	110.5
87.102	107.5
87.468	105.5
87.8355	115.5
88.2016	102.5
88.569	108.5
88.9364	106.5
89.3024	100.5
89.6698	101.5
90.0357	107.5
90.4031	103.5
90.769	106.5
91.1363	101.5
91.5036	108.5
91.8695	107.5
92.2368	102.5
92.6026	105.5
92.9698	102.5
93.3356	103.5
93.7028	115.5
94.0685	98.5
94.4357	111.5
94.8014	110.5
95.1685	106.5
95.5342	110.5
95.9013	122.5
96.267	114.5
96.634	113.5
96.9996	108.5
97.3666	119.5
97.7322	183.5
98.0992	212.5
98.4647	167.5
98.8317	133.5
99.1972	109.5
99.5641	110.5
99.9296	112.5
100.296	110.5
100.662	103.5
101.027	117.5
101.394	107.5
101.76	107.5
102.126	105.5
102.492	110.5
102.858	111.5
103.224	118.5
103.589	101.5
103.956	98.5
104.321	115.5
104.688	111.5
105.053	108.5
105.418	115.5
105.785	108.5
106.15	107.5
106.515	110.5
106.882	106.5
107.247	106.5
107.613	94.5
107.978	111.5
108.343	104.5
108.71	104.5
109.075	115.5
109.44	108.5
109.806	108.5
110.171	100.5
110.536	109.5
110.903	117.5
111.268	106.5
111.633	105.5
111.999	97.5
112.364	95.5
112.729	110.5
113.093	100.5
113.46	103.5
113.825	98.5
114.189	97.5
114.555	101.5
114.92	93.5
115.285	93.5
115.65	94.5
116.016	96.5
116.381	94.5
116.745	99.5
117.11	98.5
117.476	92.5
117.841	97.5
118.205	104.5
118.57	96.5
118.936	103.5
119.3	98.5
119.665	106.5
120.029	101.5
120.394	101.5
120.76	93.5
121.124	100.5
121.489	100.5
121.853	99.5
122.217	94.5
122.583	92.5
122.948	97.5
123.312	94.5
123.676	98.5
124.041	99.5
124.406	94.5
124.771	104.5
125.135	110.5
125.499	98.5
125.863	87.5
126.228	96.5
126.592	100.5
126.957	101.5
127.322	97.5
127.686	89.5
128.05	86.5
128.414	96.5
128.778	99.5
129.142	97.5
129.506	104.5
129.87	91.5
130.236	110.5
130.6	97.5
130.964	106.5
131.328	102.5
131.692	102.5
132.056	95.5
132.419	100.5
132.783	106.5
133.147	99.5
133.511	95.5
133.875	102.5
134.239	109.5
134.603	89.5
134.966	99.5
135.33	104.5
135.694	115.5
136.058	94.5
136.421	99.5
136.785	85.5
137.149	106.5
137.514	99.5
137.878	96.5
138.241	103.5
138.603	100.5
138.967	108.5
139.331	98.5
139.694	97.5
140.058	99.5
140.421	99.5
140.785	102.5
141.148	99.5
141.512	106.5
141.875	97.5
142.239	93.5
142.602	97.5
142.966	102.5
143.329	101.5
143.692	104.5
144.056	98.5
144.419	96.5
144.782	104.5
145.146	101.5
145.509	102.5
145.871	106.5
146.234	94.5
146.597	102.5
146.961	108.5
147.324	100.5
147.687	98.5
148.05	102.5
148.413	101.5
148.777	99.5
149.138	105.5
149.501	101.5
149.864	104.5
150.228	103.5
150.591	118.5
150.954	105.5
151.317	94.5
151.678	106.5
152.041	112.5
152.404	113.5
152.767	105.5
153.13	111.5
153.492	112.5
153.854	126.5
154.217	116.5
154.58	131.5
154.943	132.5
155.304	139.5
155.667	159.5
156.03	172.5
156.393	199.5
156.756	194.5
157.117	225.5
157.48	230.5
157.842	205.5
158.205	180.5
158.566	158.5
158.929	152.5
159.292	134.5
159.654	130.5
160.015	128.5
160.378	114.5
160.741	108.5
161.103	123.5
161.464	107.5
161.827	107.5
162.189	113.5
162.55	106.5
162.913	107.5
163.275	102.5
163.638	105.5
163.999	103.5
164.361	108.5
164.724	112.5
165.085	104.5
165.447	99.5
165.809	106.5
166.17	111.5
166.532	98.5
166.895	96.5
167.256	94.5
167.618	103.5
167.979	104.5
168.341	101.5
168.703	88.5
169.064	105.5
169.426	103.5
169.788	100.5
170.149	101.5
170.511	105.5
170.872	100.5
171.234	103.5
171.596	98.5
171.956	94.5
172.318	100.5
172.679	107.5
173.041	103.5
173.401	106.5
173.763	106.5
174.125	102.5
174.486	104.5
174.848	108.5
175.208	100.5
175.57	96.5
175.931	93.5
176.292	106.5
176.653	112.5
177.015	120.5
177.375	98.5
177.737	96.5
178.098	103.5
178.459	109.5
178.821	112.5
179.181	112.5
179.542	110.5
179.903	109.5
180.264	111.5
180.625	107.5
180.985	114.5
181.346	105.5
181.707	114.5
182.068	105.5
182.428	108.5
182.79	108.5
183.15	121.5
183.511	121.5
183.871	117.5
184.233	115.5
184.593	118.5
184.953	130.5
185.314	134.5
185.674	122.5
186.036	127.5
186.396	125.5
186.757	118.5
187.117	122.5
187.477	117.5
187.838	115.5
188.198	110.5
188.559	123.5
188.919	121.5
189.279	124.5
189.64	123.5
190	116.5
190.359	108.5
190.721	120.5
191.08	98.5
191.44	116.5
191.801	105.5
192.161	115.5
192.52	119.5
192.882	111.5
193.241	111.5
193.601	113.5
193.962	108.5
194.321	99.5
194.681	114.5
195.042	124.5
195.401	115.5
195.761	102.5
196.122	101.5
196.481	97.5
196.841	104.5
197.2	105.5
197.561	110.5
197.92	106.5
198.28	106.5
198.639	102.5
199	107.5
199.359	90.5
199.718	100.5
200.078	94.5
200.438	102.5
200.798	103.5
201.157	102.5
201.516	97.5
201.877	105.5
202.236	107.5
202.595	100.5
202.954	102.5
203.313	102.5
203.674	99.5
204.033	100.5
204.392	108.5
204.751	107.5
205.11	108.5
205.471	106.5
205.83	106.5
206.189	104.5
206.548	109.5
206.907	103.5
207.266	110.5
207.626	106.5
207.985	105.5
208.344	105.5
208.703	117.5
209.062	111.5
209.42	108.5
209.779	99.5
210.138	118.5
210.498	105.5
210.857	119.5
211.216	128.5
211.575	118.5
211.933	109.5
212.292	126.5
212.651	115.5
213.01	113.5
213.368	112.5
213.727	121.5
214.085	109.5
214.444	116.5
214.804	121.5
215.163	125.5
215.521	105.5
215.88	104.5
216.238	114.5
216.597	108.5
216.955	103.5
217.314	114.5
217.672	109.5
218.031	106.5
218.389	81.5
218.748	98.5
219.106	104.5
219.464	103.5
219.823	114.5
220.181	119.5
220.539	113.5
220.898	107.5
221.256	105.5
221.614	105.5
221.973	108.5
222.331	119.5
222.689	116.5
223.047	126.5
223.405	112.5
223.762	117.5
224.12	106.5
224.479	119.5
224.837	119.5
225.195	120.5
225.553	120.5
225.911	116.5
226.269	119.5
226.627	122.5
226.985	124.5
227.343	129.5
227.701	121.5
228.058	125.5
228.416	116.5
228.773	144.5
229.131	140.5
229.489	146.5
229.847	141.5
230.205	137.5
230.563	154.5
230.919	144.5
231.277	131.5
231.635	144.5
231.993	158.5
232.351	162.5
232.708	162.5
233.065	157.5
233.422	156.5
233.78	153.5
234.138	175.5
234.495	178.5
234.852	179.5
235.209	178.5
235.567	177.5
235.925	181.5
236.282	200.5
236.638	195.5
236.996	187.5
237.353	189.5
237.711	199.5
238.067	199.5
238.425	190.5
238.782	199.5
239.139	201.5
239.495	219.5
239.853	213.5
240.21	206.5
240.568	230.5
240.924	210.5
241.281	201.5
241.638	199.5
241.996	214.5
242.352	185.5
242.709	169.5
243.066	197.5
243.422	180.5
243.779	193.5
244.136	178.5
244.492	167.5
244.849	160.5
245.207	165.5
245.562	149.5
245.919	148.5
246.277	154.5
246.632	151.5
246.989	145.5
247.346	145.5
247.702	156.5
248.059	155.5
248.416	168.5
248.772	158.5
249.129	143.5
249.484	142.5
249.841	140.5
250.198	146.5
250.554	161.5
250.911	142.5
251.266	140.5
251.623	147.5
251.98	137.5
252.335	151.5
252.692	139.5
253.047	137.5
253.404	149.5
253.76	133.5
254.116	156.5
254.473	154.5
254.828	134.5
255.185	144.5
255.54	140.5
255.897	141.5
256.252	153.5
256.609	131.5
256.964	148.5
257.321	143.5
257.676	142.5
258.032	134.5
258.388	143.5
258.744	140.5
259.099	144.5
259.456	139.5
259.811	139.5
260.167	134.5
260.522	133.5
260.879	145.5
261.234	146.5
261.59	147.5
261.945	135.5
262.301	141.5
262.656	149.5
263.011	150.5
263.368	144.5
263.723	145.5
264.079	136.5
264.434	144.5
264.79	150.5
265.145	137.5
265.5	150.5
265.856	153.5
266.211	143.5
266.567	133.5
266.921	133.5
267.276	135.5
267.632	132.5
267.987	140.5
268.342	140.5
268.698	133.5
269.052	125.5
269.408	132.5
269.763	122.5
270.118	119.5
270.474	122.5
270.828	133.5
271.183	131.5
271.539	129.5
271.893	116.5
272.248	132.5
272.604	126.5
272.958	118.5
273.312	115.5
273.667	114.5
274.023	110.5
274.377	122.5
274.731	121.5
275.087	116.5
275.442	121.5
275.796	112.5
276.15	123.5
276.506	119.5
276.86	120.5
277.214	113.5
277.569	112.5
277.924	115.5
278.279	115.5
278.633	118.5
278.987	112.5
279.342	115.5
279.697	122.5
280.051	117.5
280.405	108.5
280.759	113.5
281.114	117.5
281.469	113.5
281.823	123.5
282.177	118.5
282.531	117.5
282.886	109.5
283.24	118.5
283.594	110.5
283.948	108.5
284.302	118.5
284.656	112.5
285.011	115.5
285.365	100.5
285.719	119.5
286.073	116.5
286.427	108.5
286.78	104.5
287.134	120.5
287.489	123.5
287.843	118.5
288.197	121.5
288.551	116.5
288.904	124.5
289.258	122.5
289.612	118.5
289.965	125.5
290.319	126.5
290.673	120.5
291.026	117.5
291.381	130.5
291.735	128.5
292.088	143.5
292.442	126.5
292.795	125.5
293.149	137.5
293.503	135.5
293.856	131.5
294.209	146.5
294.563	141.5
294.916	147.5
295.27	138.5
295.623	121.5
295.977	127.5
296.33	143.5
296.683	141.5
297.037	135.5
297.39	126.5
297.743	148.5
298.097	146.5
298.45	148.5
298.803	141.5
299.156	156.5
299.51	157.5
299.863	145.5
300.216	145.5
300.569	161.5
300.922	156.5
301.275	177.5
301.627	150.5
301.98	169.5
302.333	185.5
302.686	162.5
303.039	179.5
303.392	185.5
303.746	198.5
304.099	197.5
304.452	207.5
304.804	225.5
305.156	212.5
305.509	240.5
305.862	227.5
306.215	260.5
306.568	263.5
306.921	278.5
307.273	303.5
307.626	307.5
307.978	331.5
308.331	370.5
308.683	385.5
309.036	400.5
309.389	478.5
309.742	480.5
310.093	501.5
310.446	561.5
310.798	579.5
311.151	639.5
311.504	634.5
311.855	634.5
312.208	643.5
312.56	602.5
312.913	584.5
313.265	550.5
313.617	563.5
313.969	503.5
314.322	506.5
314.674	500.5
315.025	491.5
315.378	468.5
315.73	470.5
316.083	457.5
316.434	465.5
316.786	449.5
317.138	409.5
317.489	431.5
317.842	385.5
318.194	367.5
318.547	366.5
318.897	338.5
319.25	312.5
319.602	297.5
319.953	283.5
320.305	275.5
320.657	250.5
321.008	261.5
321.36	242.5
321.713	236.5
322.063	230.5
322.416	221.5
322.768	211.5
323.118	186.5
323.471	182.5
323.823	175.5
324.173	175.5
324.525	162.5
324.876	153.5
325.228	157.5
325.58	172.5
325.931	160.5
326.283	149.5
326.633	148.5
326.985	156.5
327.337	143.5
327.688	143.5
328.039	146.5
328.39	140.5
328.742	134.5
329.094	144.5
329.444	136.5
329.796	126.5
330.146	131.5
330.498	133.5
330.848	117.5
331.2	126.5
331.551	137.5
331.902	126.5
332.253	124.5
332.604	122.5
332.954	135.5
333.306	130.5
333.656	132.5
334.008	115.5
334.358	115.5
334.71	128.5
335.06	121.5
335.411	121.5
335.762	123.5
336.113	127.5
