39.5698	114.5
39.941	117.5
40.3108	109.5
40.6805	120.5
41.0503	110.5
41.42	113.5
41.7897	102.5
42.1593	101.5
42.529	99.5
42.9001	104.5
43.2697	91.5
43.6393	100.5
44.0089	106.5
44.3784	102.5
44.748	91.5
45.1175	96.5
45.487	105.5
45.8565	109.5
46.226	101.5
46.5955	103.5
46.9649	116.5
47.3343	106.5
47.7052	102.5
48.0746	96.5
48.4439	105.5
48.8133	116.5
49.1826	109.5
49.5519	107.5
49.9212	94.5
50.2905	97.5
50.6598	105.5
51.029	108.5
51.3982	110.5
51.7675	114.5
52.1366	135.5
52.5058	129.5
52.875	132.5
53.2441	157.5
53.6132	171.5
53.9823	214.5
54.3514	224.5
54.7205	251.5
55.0895	390.5
55.4586	712.5
55.8276	1152.5
56.1966	963.5
56.5641	486.5
56.9331	262.5
57.302	179.5
57.671	163.5
58.0399	130.5
58.4088	124.5
58.7776	136.5
59.1465	128.5
59.5153	177.5
59.8841	200.5
60.2529	238.5
60.6217	266.5
60.9905	218.5
61.3578	178.5
61.7265	153.5
62.0953	152.5
62.464	163.5
62.8326	191.5
63.2013	218.5
63.5699	213.5
63.9386	218.5
64.3057	211.5
64.6743	180.5
65.0429	171.5
65.4114	160.5
65.78	164.5
66.1485	160.5
66.517	132.5
66.884	108.5
67.2525	102.5
67.621	107.5
67.9894	110.5
68.3578	99.5
68.7248	107.5
69.0931	99.5
69.4615	99.5
69.8299	91.5
70.1982	98.5
70.565	101.5
70.9333	101.5
71.3016	100.5
71.6699	95.5
72.0381	93.5
72.4049	98.5
72.7731	96.5
73.1413	103.5
73.5094	102.5
73.8762	112.5
74.2443	120.5
74.6124	116.5
74.9805	121.5
75.3471	114.5
75.7152	103.5
76.0832	92.5
76.4513	97.5
76.8178	94.5
77.1858	102.5
77.5538	93.5
77.9203	89.5
78.2883	95.5
78.6562	91.5
79.0241	97.5
79.3905	93.5
79.7584	92.5
80.1262	90.5
80.4926	102.5
80.8605	95.5
81.2282	88.5
81.5946	93.5
81.9624	91.5
82.3301	93.5
82.6964	95.5
83.0641	88.5
83.4318	94.5
83.798	86.5
84.1657	94.5
84.5319	90.5
84.8995	95.5
85.2671	90.5
85.6333	86.5
86.0008	98.5
86.3684	98.5
86.7345	98.5
87.102	100.5
87.468	93.5
87.8355	93.5
88.2016	92.5
88.569	94.5
88.9364	93.5
89.3024	95.5
89.6698	86.5
90.0357	90.5
90.4031	93.5
90.769	36.5
91.1363	101.5
91.5036	97.5
91.8695	100.5
92.2368	94.5
92.6026	94.5
92.9698	92.5
93.3356	82.5
93.7028	97.5
94.0685	94.5
94.4357	99.5
94.8014	93.5
95.1685	99.5
95.5342	94.5
95.9013	97.5
96.267	89.5
96.634	86.5
96.9996	90.5
97.3666	94.5
97.7322	123.5
98.0992	132.5
98.4647	108.5
98.8317	105.5
99.1972	96.5
99.5641	90.5
99.9296	84.5
100.296	87.5
100.662	92.5
101.027	86.5
101.394	82.5
101.76	91.5
102.126	90.5
102.492	92.5
102.858	95.5
103.224	96.5
103.589	97.5
103.956	92.5
104.321	86.5
104.688	94.5
105.053	92.5
105.418	92.5
105.785	88.5
106.15	92.5
106.515	88.5
106.882	90.5
107.247	89.5
107.613	83.5
107.978	97.5
108.343	95.5
108.71	92.5
109.075	89.5
109.44	100.5
109.806	92.5
110.171	97.5
110.536	96.5
110.903	99.5
111.268	94.5
111.633	84.5
111.999	88.5
112.364	92.5
112.729	93.5
113.093	91.5
113.46	93.5
113.825	91.5
114.189	91.5
114.555	92.5
114.92	90.5
115.285	86.5
115.65	90.5
116.016	89.5
116.381	94.5
116.745	87.5
117.11	95.5
117.476	95.5
117.841	91.5
118.205	98.5
118.57	98.5
118.936	93.5
119.3	96.5
119.665	91.5
120.029	86.5
120.394	83.5
120.76	94.5
121.124	94.5
121.489	92.5
121.853	85.5
122.217	94.5
122.583	90.5
122.948	92.5
123.312	87.5
123.676	93.5
124.041	93.5
124.406	91.5
124.771	94.5
125.135	94.5
125.499	85.5
125.863	86.5
126.228	91.5
126.592	89.5
126.957	89.5
127.322	89.5
127.686	90.5
128.05	88.5
128.414	91.5
128.778	89.5
129.142	92.5
129.506	92.5
129.87	90.5
130.236	89.5
130.6	83.5
130.964	96.5
131.328	88.5
131.692	90.5
132.056	95.5
132.419	91.5
132.783	99.5
133.147	93.5
133.511	91.5
133.875	81.5
134.239	99.5
134.603	94.5
134.966	93.5
135.33	93.5
135.694	97.5
136.058	88.5
136.421	95.5
136.785	89.5
137.149	90.5
137.514	91.5
137.878	95.5
138.241	95.5
138.603	89.5
138.967	90.5
139.331	84.5
139.694	95.5
140.058	94.5
140.421	85.5
140.785	90.5
141.148	86.5
141.512	87.5
141.875	93.5
142.239	99.5
142.602	88.5
142.966	89.5
143.329	98.5
143.692	92.5
144.056	88.5
144.419	94.5
144.782	99.5
145.146	91.5
145.509	85.5
145.871	88.5
146.234	85.5
146.597	90.5
146.961	92.5
147.324	92.5
147.687	92.5
148.05	96.5
148.413	92.5
148.777	91.5
149.138	90.5
149.501	96.5
149.864	87.5
150.228	90.5
150.591	93.5
150.954	86.5
151.317	86.5
151.678	97.5
152.041	94.5
152.404	88.5
152.767	98.5
153.13	86.5
153.492	95.5
153.854	89.5
154.217	98.5
154.58	95.5
154.943	91.5
155.304	100.5
155.667	98.5
156.03	104.5
156.393	97.5
156.756	109.5
157.117	111.5
157.48	106.5
157.842	101.5
158.205	106.5
158.566	104.5
158.929	107.5
159.292	95.5
159.654	97.5
160.015	97.5
160.378	97.5
160.741	95.5
161.103	95.5
161.464	96.5
161.827	91.5
162.189	90.5
162.55	94.5
162.913	94.5
163.275	89.5
163.638	95.5
163.999	95.5
164.361	100.5
164.724	93.5
165.085	98.5
165.447	95.5
165.809	93.5
166.17	97.5
166.532	92.5
166.895	96.5
167.256	91.5
167.618	95.5
167.979	87.5
168.341	90.5
168.703	103.5
169.064	95.5
169.426	91.5
169.788	98.5
170.149	84.5
170.511	94.5
170.872	89.5
171.234	102.5
171.596	103.5
171.956	94.5
172.318	103.5
172.679	98.5
173.041	94.5
173.401	97.5
173.763	94.5
174.125	97.5
174.486	94.5
174.848	96.5
175.208	97.5
175.57	97.5
175.931	99.5
176.292	102.5
176.653	110.5
177.015	102.5
177.375	96.5
177.737	106.5
178.098	109.5
178.459	105.5
178.821	110.5
179.181	95.5
179.542	100.5
179.903	106.5
180.264	112.5
180.625	110.5
180.985	109.5
181.346	109.5
181.707	111.5
182.068	106.5
182.428	108.5
182.79	104.5
183.15	108.5
183.511	103.5
183.871	120.5
184.233	114.5
184.593	107.5
184.953	120.5
185.314	123.5
185.674	120.5
186.036	123.5
186.396	122.5
186.757	125.5
187.117	119.5
187.477	125.5
187.838	126.5
188.198	118.5
188.559	123.5
188.919	106.5
189.279	115.5
189.64	114.5
190	111.5
190.359	119.5
190.721	121.5
191.08	118.5
191.44	120.5
191.801	124.5
192.161	126.5
192.52	113.5
192.882	133.5
193.241	113.5
193.601	114.5
193.962	145.5
194.321	111.5
194.681	111.5
195.042	120.5
195.401	122.5
195.761	124.5
196.122	112.5
196.481	121.5
196.841	125.5
197.2	113.5
197.561	116.5
197.92	119.5
198.28	112.5
198.639	119.5
199	117.5
199.359	114.5
199.718	108.5
200.078	118.5
200.438	118.5
200.798	123.5
201.157	118.5
201.516	109.5
201.877	123.5
202.236	125.5
202.595	121.5
202.954	118.5
203.313	114.5
203.674	113.5
204.033	117.5
204.392	121.5
204.751	124.5
205.11	115.5
205.471	139.5
205.83	125.5
206.189	132.5
206.548	127.5
206.907	134.5
207.266	133.5
207.626	147.5
207.985	141.5
208.344	124.5
208.703	150.5
209.062	151.5
209.42	162.5
209.779	170.5
210.138	157.5
210.498	168.5
210.857	173.5
211.216	187.5
211.575	167.5
211.933	179.5
212.292	180.5
212.651	175.5
213.01	170.5
213.368	169.5
213.727	161.5
214.085	148.5
214.444	154.5
214.804	126.5
215.163	128.5
215.521	123.5
215.88	118.5
216.238	127.5
216.597	119.5
216.955	124.5
217.314	118.5
217.672	122.5
218.031	132.5
218.389	117.5
218.748	103.5
219.106	114.5
219.464	119.5
219.823	108.5
220.181	118.5
220.539	101.5
220.898	107.5
221.256	112.5
221.614	106.5
221.973	100.5
222.331	105.5
222.689	108.5
223.047	110.5
223.405	113.5
223.762	103.5
224.12	117.5
224.479	108.5
224.837	109.5
225.195	106.5
225.553	102.5
225.911	108.5
226.269	109.5
226.627	105.5
226.985	106.5
227.343	118.5
227.701	109.5
228.058	104.5
228.416	109.5
228.773	120.5
229.131	103.5
229.489	98.5
229.847	116.5
230.205	114.5
230.563	98.5
230.919	106.5
231.277	102.5
231.635	108.5
231.993	102.5
232.351	112.5
232.708	111.5
233.065	121.5
233.422	117.5
233.78	111.5
234.138	119.5
234.495	108.5
234.852	114.5
235.209	122.5
235.567	122.5
235.925	110.5
236.282	115.5
236.638	117.5
236.996	121.5
237.353	107.5
237.711	113.5
238.067	127.5
238.425	109.5
238.782	124.5
239.139	129.5
239.495	126.5
239.853	121.5
240.21	122.5
240.568	117.5
240.924	116.5
241.281	112.5
241.638	112.5
241.996	111.5
242.352	122.5
242.709	124.5
243.066	125.5
243.422	122.5
243.779	120.5
244.136	118.5
244.492	125.5
244.849	113.5
245.207	121.5
245.562	125.5
245.919	121.5
246.277	122.5
246.632	123.5
246.989	126.5
247.346	122.5
247.702	124.5
248.059	120.5
248.416	123.5
248.772	132.5
249.129	132.5
249.484	133.5
249.841	141.5
250.198	145.5
250.554	148.5
250.911	135.5
251.266	150.5
251.623	144.5
251.98	147.5
252.335	152.5
252.692	155.5
253.047	156.5
253.404	156.5
253.76	165.5
254.116	161.5
254.473	160.5
254.828	165.5
255.185	163.5
255.54	163.5
255.897	166.5
256.252	160.5
256.609	159.5
256.964	156.5
257.321	168.5
257.676	161.5
258.032	144.5
258.388	151.5
258.744	158.5
259.099	145.5
259.456	147.5
259.811	136.5
260.167	138.5
260.522	132.5
260.879	128.5
261.234	131.5
261.59	120.5
261.945	128.5
262.301	123.5
262.656	112.5
263.011	118.5
263.368	114.5
263.723	120.5
264.079	120.5
264.434	114.5
264.79	116.5
265.145	119.5
265.5	119.5
265.856	115.5
266.211	100.5
266.567	115.5
266.921	114.5
267.276	117.5
267.632	114.5
267.987	106.5
268.342	105.5
268.698	116.5
269.052	113.5
269.408	99.5
269.763	107.5
270.118	100.5
270.474	101.5
270.828	102.5
271.183	110.5
271.539	108.5
271.893	99.5
272.248	100.5
272.604	93.5
272.958	107.5
273.312	105.5
273.667	106.5
274.023	110.5
274.377	110.5
274.731	103.5
275.087	100.5
275.442	109.5
275.796	99.5
276.15	103.5
276.506	109.5
276.86	96.5
277.214	110.5
277.569	101.5
277.924	104.5
278.279	91.5
278.633	112.5
278.987	107.5
279.342	111.5
279.697	104.5
280.051	113.5
280.405	102.5
280.759	108.5
281.114	103.5
281.469	100.5
281.823	96.5
282.177	100.5
282.531	99.5
282.886	96.5
283.24	102.5
283.594	101.5
283.948	106.5
284.302	100.5
284.656	92.5
285.011	105.5
285.365	110.5
285.719	108.5
286.073	114.5
286.427	104.5
286.78	109.5
287.134	103.5
287.489	106.5
287.843	109.5
288.197	109.5
288.551	107.5
288.904	102.5
289.258	101.5
289.612	108.5
289.965	106.5
290.319	108.5
290.673	97.5
291.026	107.5
291.381	101.5
291.735	113.5
292.088	107.5
292.442	104.5
292.795	113.5
293.149	120.5
293.503	107.5
293.856	106.5
294.209	114.5
294.563	108.5
294.916	99.5
295.27	107.5
295.623	116.5
295.977	116.5
296.33	111.5
296.683	110.5
297.037	105.5
297.39	116.5
297.743	108.5
298.097	121.5
298.45	121.5
298.803	117.5
299.156	103.5
299.51	112.5
299.863	110.5
300.216	113.5
300.569	118.5
300.922	123.5
301.275	109.5
301.627	119.5
301.98	122.5
302.333	128.5
302.686	113.5
303.039	116.5
303.392	123.5
303.746	139.5
304.099	124.5
304.452	130.5
304.804	125.5
305.156	121.5
305.509	137.5
305.862	134.5
306.215	146.5
306.568	148.5
306.921	147.5
307.273	154.5
307.626	163.5
307.978	178.5
308.331	180.5
308.683	193.5
309.036	207.5
309.389	216.5
309.742	205.5
310.093	241.5
310.446	238.5
310.798	245.5
311.151	257.5
311.504	254.5
311.855	252.5
312.208	214.5
312.56	223.5
312.913	222.5
313.265	199.5
313.617	189.5
313.969	185.5
314.322	174.5
314.674	173.5
315.025	162.5
315.378	156.5
315.73	149.5
316.083	146.5
316.434	144.5
316.786	129.5
317.138	150.5
317.489	127.5
317.842	135.5
318.194	135.5
318.547	139.5
318.897	123.5
319.25	122.5
319.602	125.5
319.953	116.5
320.305	126.5
320.657	121.5
321.008	107.5
321.36	109.5
321.713	115.5
322.063	109.5
322.416	115.5
322.768	103.5
323.118	114.5
323.471	110.5
323.823	107.5
324.173	102.5
324.525	109.5
324.876	106.5
325.228	114.5
325.58	110.5
325.931	107.5
326.283	107.5
326.633	98.5
326.985	100.5
327.337	113.5
327.688	107.5
328.039	100.5
328.39	102.5
328.742	94.5
329.094	100.5
329.444	111.5
329.796	101.5
330.146	95.5
330.498	99.5
330.848	103.5
331.2	100.5
331.551	103.5
331.902	107.5
332.253	97.5
332.604	92.5
332.954	104.5
333.306	109.5
333.656	102.5
334.008	99.5
334.358	99.5
334.71	102.5
335.06	100.5
335.411	99.5
335.762	93.5
336.113	99.5
