39.5698	114.5
39.941	116.5
40.3108	108.5
40.6805	117.5
41.0503	102.5
41.42	106.5
41.7897	108.5
42.1593	108.5
42.529	105.5
42.9001	111.5
43.2697	103.5
43.6393	99.5
44.0089	105.5
44.3784	116.5
44.748	115.5
45.1175	112.5
45.487	103.5
45.8565	109.5
46.226	106.5
46.5955	102.5
46.9649	108.5
47.3343	101.5
47.7052	114.5
48.0746	110.5
48.4439	105.5
48.8133	128.5
49.1826	164.5
49.5519	156.5
49.9212	118.5
50.2905	113.5
50.6598	112.5
51.029	113.5
51.3982	124.5
51.7675	140.5
52.1366	137.5
52.5058	167.5
52.875	197.5
53.2441	263.5
53.6132	417.5
53.9823	619.5
54.3514	741.5
54.7205	662.5
55.0895	430.5
55.4586	341.5
55.8276	355.5
56.1966	375.5
56.5641	328.5
56.9331	206.5
57.302	179.5
57.671	184.5
58.0399	166.5
58.4088	146.5
58.7776	138.5
59.1465	127.5
59.5153	123.5
59.8841	141.5
60.2529	143.5
60.6217	142.5
60.9905	160.5
61.3578	165.5
61.7265	162.5
62.0953	196.5
62.464	232.5
62.8326	328.5
63.2013	418.5
63.5699	536.5
63.9386	553.5
64.3057	533.5
64.6743	422.5
65.0429	332.5
65.4114	259.5
65.78	206.5
66.1485	188.5
66.517	154.5
66.884	126.5
67.2525	129.5
67.621	117.5
67.9894	117.5
68.3578	128.5
68.7248	106.5
69.0931	101.5
69.4615	103.5
69.8299	103.5
70.1982	110.5
70.565	109.5
70.9333	119.5
71.3016	108.5
71.6699	102.5
72.0381	108.5
72.4049	111.5
72.7731	104.5
73.1413	112.5
73.5094	128.5
73.8762	151.5
74.2443	163.5
74.6124	189.5
74.9805	173.5
75.3471	155.5
75.7152	144.5
76.0832	116.5
76.4513	104.5
76.8178	114.5
77.1858	95.5
77.5538	111.5
77.9203	106.5
78.2883	95.5
78.6562	100.5
79.0241	108.5
79.3905	101.5
79.7584	105.5
80.1262	97.5
80.4926	104.5
80.8605	97.5
81.2282	96.5
81.5946	91.5
81.9624	102.5
82.3301	94.5
82.6964	99.5
83.0641	106.5
83.4318	101.5
83.798	106.5
84.1657	99.5
84.5319	102.5
84.8995	94.5
85.2671	89.5
85.6333	98.5
86.0008	107.5
86.3684	102.5
86.7345	103.5
87.102	102.5
87.468	99.5
87.8355	99.5
88.2016	95.5
88.569	104.5
88.9364	94.5
89.3024	99.5
89.6698	99.5
90.0357	104.5
90.4031	101.5
90.769	100.5
91.1363	109.5
91.5036	96.5
91.8695	112.5
92.2368	99.5
92.6026	99.5
92.9698	100.5
93.3356	100.5
93.7028	97.5
94.0685	102.5
94.4357	108.5
94.8014	105.5
95.1685	118.5
95.5342	116.5
95.9013	116.5
96.267	114.5
96.634	101.5
96.9996	102.5
97.3666	110.5
97.7322	124.5
98.0992	190.5
98.4647	198.5
98.8317	147.5
99.1972	110.5
99.5641	99.5
99.9296	104.5
100.296	110.5
100.662	108.5
101.027	110.5
101.394	106.5
101.76	104.5
102.126	115.5
102.492	101.5
102.858	110.5
103.224	100.5
103.589	99.5
103.956	114.5
104.321	103.5
104.688	112.5
105.053	112.5
105.418	102.5
105.785	111.5
106.15	102.5
106.515	106.5
106.882	102.5
107.247	98.5
107.613	105.5
107.978	104.5
108.343	105.5
108.71	104.5
109.075	101.5
109.44	109.5
109.806	98.5
110.171	100.5
110.536	109.5
110.903	108.5
111.268	104.5
111.633	110.5
111.999	101.5
112.364	98.5
112.729	108.5
113.093	97.5
113.46	94.5
113.825	106.5
114.189	99.5
114.555	105.5
114.92	102.5
115.285	91.5
115.65	89.5
116.016	96.5
116.381	98.5
116.745	90.5
117.11	94.5
117.476	104.5
117.841	95.5
118.205	91.5
118.57	95.5
118.936	96.5
119.3	102.5
119.665	96.5
120.029	95.5
120.394	91.5
120.76	99.5
121.124	96.5
121.489	93.5
121.853	93.5
122.217	91.5
122.583	87.5
122.948	92.5
123.312	85.5
123.676	100.5
124.041	97.5
124.406	96.5
124.771	108.5
125.135	96.5
125.499	89.5
125.863	98.5
126.228	93.5
126.592	92.5
126.957	88.5
127.322	89.5
127.686	93.5
128.05	95.5
128.414	100.5
128.778	102.5
129.142	92.5
129.506	95.5
129.87	84.5
130.236	102.5
130.6	94.5
130.964	95.5
131.328	102.5
131.692	106.5
132.056	97.5
132.419	96.5
132.783	91.5
133.147	98.5
133.511	87.5
133.875	106.5
134.239	99.5
134.603	94.5
134.966	97.5
135.33	100.5
135.694	97.5
136.058	102.5
136.421	95.5
136.785	95.5
137.149	94.5
137.514	98.5
137.878	101.5
138.241	97.5
138.603	89.5
138.967	100.5
139.331	102.5
139.694	110.5
140.058	98.5
140.421	95.5
140.785	96.5
141.148	101.5
141.512	102.5
141.875	91.5
142.239	101.5
142.602	95.5
142.966	100.5
143.329	91.5
143.692	90.5
144.056	96.5
144.419	100.5
144.782	107.5
145.146	91.5
145.509	106.5
145.871	100.5
146.234	103.5
146.597	100.5
146.961	98.5
147.324	99.5
147.687	103.5
148.05	92.5
148.413	86.5
148.777	105.5
149.138	96.5
149.501	95.5
149.864	96.5
150.228	104.5
150.591	100.5
150.954	101.5
151.317	100.5
151.678	105.5
152.041	106.5
152.404	100.5
152.767	102.5
153.13	102.5
153.492	107.5
153.854	114.5
154.217	122.5
154.58	110.5
154.943	129.5
155.304	134.5
155.667	144.5
156.03	153.5
156.393	157.5
156.756	189.5
157.117	199.5
157.48	231.5
157.842	218.5
158.205	191.5
158.566	190.5
158.929	160.5
159.292	137.5
159.654	136.5
160.015	118.5
160.378	115.5
160.741	106.5
161.103	110.5
161.464	106.5
161.827	94.5
162.189	97.5
162.55	105.5
162.913	100.5
163.275	104.5
163.638	104.5
163.999	108.5
164.361	94.5
164.724	99.5
165.085	92.5
165.447	93.5
165.809	92.5
166.17	100.5
166.532	96.5
166.895	101.5
167.256	97.5
167.618	99.5
167.979	95.5
168.341	106.5
168.703	105.5
169.064	93.5
169.426	100.5
169.788	104.5
170.149	101.5
170.511	94.5
170.872	111.5
171.234	100.5
171.596	100.5
171.956	101.5
172.318	94.5
172.679	93.5
173.041	102.5
173.401	103.5
173.763	103.5
174.125	96.5
174.486	97.5
174.848	111.5
175.208	103.5
175.57	102.5
175.931	97.5
176.292	106.5
176.653	101.5
177.015	102.5
177.375	108.5
177.737	102.5
178.098	94.5
178.459	112.5
178.821	99.5
179.181	108.5
179.542	104.5
179.903	104.5
180.264	110.5
180.625	111.5
180.985	110.5
181.346	114.5
181.707	106.5
182.068	113.5
182.428	106.5
182.79	112.5
183.15	106.5
183.511	116.5
183.871	101.5
184.233	116.5
184.593	119.5
184.953	125.5
185.314	113.5
185.674	120.5
186.036	116.5
186.396	124.5
186.757	119.5
187.117	123.5
187.477	122.5
187.838	130.5
188.198	127.5
188.559	125.5
188.919	125.5
189.279	124.5
189.64	122.5
190	118.5
190.359	110.5
190.721	116.5
191.08	114.5
191.44	109.5
191.801	109.5
192.161	111.5
192.52	108.5
192.882	114.5
193.241	104.5
193.601	110.5
193.962	101.5
194.321	118.5
194.681	99.5
195.042	105.5
195.401	105.5
195.761	109.5
196.122	109.5
196.481	105.5
196.841	104.5
197.2	107.5
197.561	106.5
197.92	107.5
198.28	107.5
198.639	103.5
199	103.5
199.359	97.5
199.718	103.5
200.078	95.5
200.438	99.5
200.798	96.5
201.157	94.5
201.516	90.5
201.877	100.5
202.236	110.5
202.595	97.5
202.954	95.5
203.313	98.5
203.674	99.5
204.033	96.5
204.392	98.5
204.751	99.5
205.11	99.5
205.471	104.5
205.83	108.5
206.189	90.5
206.548	109.5
206.907	90.5
207.266	100.5
207.626	104.5
207.985	111.5
208.344	106.5
208.703	101.5
209.062	94.5
209.42	109.5
209.779	110.5
210.138	108.5
210.498	114.5
210.857	103.5
211.216	105.5
211.575	108.5
211.933	107.5
212.292	100.5
212.651	117.5
213.01	109.5
213.368	98.5
213.727	110.5
214.085	100.5
214.444	106.5
214.804	98.5
215.163	110.5
215.521	106.5
215.88	103.5
216.238	110.5
216.597	98.5
216.955	112.5
217.314	106.5
217.672	101.5
218.031	106.5
218.389	99.5
218.748	115.5
219.106	105.5
219.464	106.5
219.823	107.5
220.181	113.5
220.539	111.5
220.898	103.5
221.256	103.5
221.614	111.5
221.973	109.5
222.331	99.5
222.689	104.5
223.047	101.5
223.405	101.5
223.762	104.5
224.12	108.5
224.479	110.5
224.837	107.5
225.195	115.5
225.553	110.5
225.911	115.5
226.269	112.5
226.627	106.5
226.985	117.5
227.343	122.5
227.701	115.5
228.058	124.5
228.416	128.5
228.773	135.5
229.131	130.5
229.489	136.5
229.847	136.5
230.205	139.5
230.563	133.5
230.919	142.5
231.277	148.5
231.635	149.5
231.993	154.5
232.351	158.5
232.708	152.5
233.065	164.5
233.422	157.5
233.78	166.5
234.138	158.5
234.495	165.5
234.852	171.5
235.209	149.5
235.567	183.5
235.925	167.5
236.282	196.5
236.638	166.5
236.996	207.5
237.353	191.5
237.711	187.5
238.067	198.5
238.425	216.5
238.782	207.5
239.139	224.5
239.495	198.5
239.853	209.5
240.21	203.5
240.568	198.5
240.924	207.5
241.281	215.5
241.638	220.5
241.996	213.5
242.352	204.5
242.709	187.5
243.066	207.5
243.422	169.5
243.779	183.5
244.136	176.5
244.492	170.5
244.849	173.5
245.207	160.5
245.562	156.5
245.919	164.5
246.277	164.5
246.632	155.5
246.989	160.5
247.346	152.5
247.702	151.5
248.059	158.5
248.416	147.5
248.772	151.5
249.129	145.5
249.484	131.5
249.841	138.5
250.198	151.5
250.554	142.5
250.911	144.5
251.266	136.5
251.623	133.5
251.98	143.5
252.335	146.5
252.692	141.5
253.047	127.5
253.404	148.5
253.76	140.5
254.116	129.5
254.473	151.5
254.828	148.5
255.185	134.5
255.54	149.5
255.897	151.5
256.252	141.5
256.609	132.5
256.964	144.5
257.321	131.5
257.676	140.5
258.032	147.5
258.388	139.5
258.744	146.5
259.099	131.5
259.456	144.5
259.811	127.5
260.167	149.5
260.522	132.5
260.879	118.5
261.234	147.5
261.59	138.5
261.945	131.5
262.301	141.5
262.656	137.5
263.011	131.5
263.368	151.5
263.723	140.5
264.079	148.5
264.434	137.5
264.79	155.5
265.145	146.5
265.5	146.5
265.856	142.5
266.211	138.5
266.567	138.5
266.921	132.5
267.276	138.5
267.632	131.5
267.987	135.5
268.342	120.5
268.698	133.5
269.052	136.5
269.408	139.5
269.763	116.5
270.118	127.5
270.474	114.5
270.828	113.5
271.183	123.5
271.539	120.5
271.893	120.5
272.248	111.5
272.604	119.5
272.958	105.5
273.312	123.5
273.667	101.5
274.023	120.5
274.377	116.5
274.731	118.5
275.087	110.5
275.442	116.5
275.796	104.5
276.15	103.5
276.506	115.5
276.86	109.5
277.214	108.5
277.569	114.5
277.924	115.5
278.279	114.5
278.633	120.5
278.987	104.5
279.342	110.5
279.697	109.5
280.051	107.5
280.405	102.5
280.759	114.5
281.114	112.5
281.469	112.5
281.823	104.5
282.177	100.5
282.531	112.5
282.886	107.5
283.24	100.5
283.594	120.5
283.948	109.5
284.302	110.5
284.656	108.5
285.011	101.5
285.365	110.5
285.719	108.5
286.073	110.5
286.427	111.5
286.78	107.5
287.134	106.5
287.489	113.5
287.843	113.5
288.197	110.5
288.551	123.5
288.904	113.5
289.258	127.5
289.612	114.5
289.965	123.5
290.319	123.5
290.673	111.5
291.026	121.5
291.381	123.5
291.735	125.5
292.088	131.5
292.442	126.5
292.795	124.5
293.149	136.5
293.503	126.5
293.856	144.5
294.209	135.5
294.563	135.5
294.916	142.5
295.27	146.5
295.623	143.5
295.977	138.5
296.33	145.5
296.683	157.5
297.037	136.5
297.39	143.5
297.743	149.5
298.097	154.5
298.45	138.5
298.803	156.5
299.156	149.5
299.51	153.5
299.863	158.5
300.216	146.5
300.569	168.5
300.922	159.5
301.275	163.5
301.627	172.5
301.98	191.5
302.333	172.5
302.686	189.5
303.039	197.5
303.392	206.5
303.746	198.5
304.099	201.5
304.452	205.5
304.804	225.5
305.156	239.5
305.509	258.5
305.862	255.5
306.215	288.5
306.568	289.5
306.921	299.5
307.273	315.5
307.626	366.5
307.978	338.5
308.331	377.5
308.683	416.5
309.036	480.5
309.389	503.5
309.742	560.5
310.093	602.5
310.446	651.5
310.798	723.5
311.151	737.5
311.504	719.5
311.855	812.5
312.208	787.5
312.56	744.5
312.913	775.5
313.265	708.5
313.617	668.5
313.969	650.5
314.322	608.5
314.674	574.5
315.025	540.5
315.378	560.5
315.73	547.5
316.083	520.5
316.434	508.5
316.786	513.5
317.138	476.5
317.489	513.5
317.842	479.5
318.194	456.5
318.547	422.5
318.897	410.5
319.25	404.5
319.602	366.5
319.953	337.5
320.305	297.5
320.657	320.5
321.008	289.5
321.36	247.5
321.713	261.5
322.063	242.5
322.416	229.5
322.768	224.5
323.118	211.5
323.471	213.5
323.823	213.5
324.173	186.5
324.525	204.5
324.876	180.5
325.228	168.5
325.58	169.5
325.931	183.5
326.283	171.5
326.633	155.5
326.985	168.5
327.337	166.5
327.688	152.5
328.039	145.5
328.39	148.5
328.742	148.5
329.094	142.5
329.444	135.5
329.796	128.5
330.146	143.5
330.498	125.5
330.848	125.5
331.2	131.5
331.551	130.5
331.902	129.5
332.253	123.5
332.604	119.5
332.954	133.5
333.306	125.5
333.656	131.5
334.008	126.5
334.358	125.5
334.71	128.5
335.06	119.5
335.411	127.5
335.762	119.5
336.113	133.5
