39.5698	107.5
39.941	107.5
40.3108	111.5
40.6805	99.5
41.0503	96.5
41.42	95.5
41.7897	98.5
42.1593	98.5
42.529	95.5
42.9001	102.5
43.2697	98.5
43.6393	101.5
44.0089	100.5
44.3784	105.5
44.748	97.5
45.1175	97.5
45.487	96.5
45.8565	90.5
46.226	102.5
46.5955	88.5
46.9649	97.5
47.3343	94.5
47.7052	101.5
48.0746	96.5
48.4439	93.5
48.8133	110.5
49.1826	108.5
49.5519	104.5
49.9212	106.5
50.2905	108.5
50.6598	100.5
51.029	95.5
51.3982	98.5
51.7675	111.5
52.1366	112.5
52.5058	108.5
52.875	109.5
53.2441	129.5
53.6132	160.5
53.9823	189.5
54.3514	201.5
54.7205	224.5
55.0895	253.5
55.4586	502.5
55.8276	870.5
56.1966	943.5
56.5641	584.5
56.9331	270.5
57.302	172.5
57.671	155.5
58.0399	139.5
58.4088	127.5
58.7776	117.5
59.1465	129.5
59.5153	141.5
59.8841	152.5
60.2529	174.5
60.6217	216.5
60.9905	208.5
61.3578	176.5
61.7265	153.5
62.0953	166.5
62.464	195.5
62.8326	233.5
63.2013	292.5
63.5699	316.5
63.9386	292.5
64.3057	270.5
64.6743	210.5
65.0429	175.5
65.4114	154.5
65.78	149.5
66.1485	133.5
66.517	118.5
66.884	102.5
67.2525	104.5
67.621	96.5
67.9894	98.5
68.3578	103.5
68.7248	91.5
69.0931	99.5
69.4615	96.5
69.8299	99.5
70.1982	90.5
70.565	102.5
70.9333	95.5
71.3016	96.5
71.6699	91.5
72.0381	89.5
72.4049	85.5
72.7731	95.5
73.1413	106.5
73.5094	101.5
73.8762	122.5
74.2443	122.5
74.6124	139.5
74.9805	119.5
75.3471	118.5
75.7152	103.5
76.0832	98.5
76.4513	91.5
76.8178	97.5
77.1858	93.5
77.5538	84.5
77.9203	93.5
78.2883	89.5
78.6562	90.5
79.0241	92.5
79.3905	91.5
79.7584	99.5
80.1262	83.5
80.4926	81.5
80.8605	85.5
81.2282	77.5
81.5946	80.5
81.9624	86.5
82.3301	84.5
82.6964	82.5
83.0641	85.5
83.4318	81.5
83.798	90.5
84.1657	92.5
84.5319	97.5
84.8995	87.5
85.2671	89.5
85.6333	92.5
86.0008	84.5
86.3684	88.5
86.7345	93.5
87.102	94.5
87.468	86.5
87.8355	90.5
88.2016	88.5
88.569	88.5
88.9364	88.5
89.3024	84.5
89.6698	91.5
90.0357	87.5
90.4031	97.5
90.769	95.5
91.1363	90.5
91.5036	89.5
91.8695	93.5
92.2368	91.5
92.6026	92.5
92.9698	89.5
93.3356	78.5
93.7028	94.5
94.0685	85.5
94.4357	88.5
94.8014	86.5
95.1685	96.5
95.5342	96.5
95.9013	92.5
96.267	98.5
96.634	94.5
96.9996	97.5
97.3666	93.5
97.7322	105.5
98.0992	143.5
98.4647	133.5
98.8317	108.5
99.1972	99.5
99.5641	88.5
99.9296	96.5
100.296	90.5
100.662	95.5
101.027	86.5
101.394	92.5
101.76	86.5
102.126	87.5
102.492	86.5
102.858	83.5
103.224	90.5
103.589	89.5
103.956	96.5
104.321	89.5
104.688	86.5
105.053	96.5
105.418	91.5
105.785	86.5
106.15	88.5
106.515	94.5
106.882	88.5
107.247	87.5
107.613	90.5
107.978	92.5
108.343	90.5
108.71	91.5
109.075	89.5
109.44	98.5
109.806	87.5
110.171	91.5
110.536	89.5
110.903	85.5
111.268	96.5
111.633	89.5
111.999	87.5
112.364	77.5
112.729	81.5
113.093	85.5
113.46	87.5
113.825	82.5
114.189	86.5
114.555	85.5
114.92	81.5
115.285	90.5
115.65	85.5
116.016	93.5
116.381	88.5
116.745	80.5
117.11	90.5
117.476	87.5
117.841	92.5
118.205	87.5
118.57	88.5
118.936	85.5
119.3	87.5
119.665	80.5
120.029	95.5
120.394	88.5
120.76	91.5
121.124	82.5
121.489	91.5
121.853	85.5
122.217	90.5
122.583	93.5
122.948	85.5
123.312	81.5
123.676	92.5
124.041	87.5
124.406	85.5
124.771	91.5
125.135	86.5
125.499	85.5
125.863	89.5
126.228	81.5
126.592	78.5
126.957	93.5
127.322	91.5
127.686	83.5
128.05	84.5
128.414	92.5
128.778	86.5
129.142	79.5
129.506	86.5
129.87	85.5
130.236	81.5
130.6	83.5
130.964	81.5
131.328	99.5
131.692	88.5
132.056	87.5
132.419	88.5
132.783	87.5
133.147	84.5
133.511	83.5
133.875	90.5
134.239	93.5
134.603	88.5
134.966	82.5
135.33	91.5
135.694	89.5
136.058	97.5
136.421	90.5
136.785	84.5
137.149	89.5
137.514	85.5
137.878	88.5
138.241	87.5
138.603	86.5
138.967	84.5
139.331	86.5
139.694	89.5
140.058	88.5
140.421	83.5
140.785	85.5
141.148	86.5
141.512	90.5
141.875	90.5
142.239	84.5
142.602	96.5
142.966	85.5
143.329	89.5
143.692	82.5
144.056	93.5
144.419	96.5
144.782	88.5
145.146	95.5
145.509	91.5
145.871	86.5
146.234	89.5
146.597	91.5
146.961	86.5
147.324	90.5
147.687	83.5
148.05	89.5
148.413	87.5
148.777	88.5
149.138	82.5
149.501	86.5
149.864	81.5
150.228	88.5
150.591	88.5
150.954	87.5
151.317	95.5
151.678	94.5
152.041	86.5
152.404	87.5
152.767	88.5
153.13	88.5
153.492	96.5
153.854	91.5
154.217	85.5
154.58	93.5
154.943	84.5
155.304	93.5
155.667	93.5
156.03	98.5
156.393	92.5
156.756	96.5
157.117	112.5
157.48	103.5
157.842	99.5
158.205	101.5
158.566	92.5
158.929	92.5
159.292	89.5
159.654	91.5
160.015	94.5
160.378	97.5
160.741	94.5
161.103	94.5
161.464	90.5
161.827	88.5
162.189	90.5
162.55	86.5
162.913	93.5
163.275	90.5
163.638	84.5
163.999	95.5
164.361	93.5
164.724	82.5
165.085	93.5
165.447	85.5
165.809	92.5
166.17	94.5
166.532	96.5
166.895	98.5
167.256	92.5
167.618	93.5
167.979	92.5
168.341	83.5
168.703	92.5
169.064	84.5
169.426	85.5
169.788	87.5
170.149	97.5
170.511	81.5
170.872	93.5
171.234	87.5
171.596	94.5
171.956	95.5
172.318	91.5
172.679	100.5
173.041	95.5
173.401	95.5
173.763	100.5
174.125	100.5
174.486	93.5
174.848	93.5
175.208	90.5
175.57	97.5
175.931	91.5
176.292	99.5
176.653	92.5
177.015	88.5
177.375	91.5
177.737	95.5
178.098	95.5
178.459	87.5
178.821	91.5
179.181	101.5
179.542	98.5
179.903	96.5
180.264	102.5
180.625	97.5
180.985	101.5
181.346	82.5
181.707	103.5
182.068	101.5
182.428	95.5
182.79	104.5
183.15	100.5
183.511	105.5
183.871	101.5
184.233	96.5
184.593	105.5
184.953	108.5
185.314	109.5
185.674	99.5
186.036	115.5
186.396	98.5
186.757	102.5
187.117	108.5
187.477	109.5
187.838	95.5
188.198	107.5
188.559	106.5
188.919	108.5
189.279	102.5
189.64	103.5
190	107.5
190.359	102.5
190.721	105.5
191.08	108.5
191.44	92.5
191.801	108.5
192.161	101.5
192.52	116.5
192.882	112.5
193.241	106.5
193.601	107.5
193.962	116.5
194.321	107.5
194.681	116.5
195.042	107.5
195.401	108.5
195.761	99.5
196.122	99.5
196.481	117.5
196.841	105.5
197.2	111.5
197.561	96.5
197.92	101.5
198.28	107.5
198.639	110.5
199	105.5
199.359	101.5
199.718	106.5
200.078	108.5
200.438	102.5
200.798	107.5
201.157	106.5
201.516	107.5
201.877	112.5
202.236	113.5
202.595	105.5
202.954	120.5
203.313	113.5
203.674	118.5
204.033	108.5
204.392	128.5
204.751	107.5
205.11	120.5
205.471	128.5
205.83	110.5
206.189	120.5
206.548	117.5
206.907	120.5
207.266	126.5
207.626	121.5
207.985	135.5
208.344	127.5
208.703	135.5
209.062	149.5
209.42	156.5
209.779	152.5
210.138	150.5
210.498	161.5
210.857	163.5
211.216	181.5
211.575	149.5
211.933	179.5
212.292	169.5
212.651	158.5
213.01	161.5
213.368	156.5
213.727	149.5
214.085	145.5
214.444	146.5
214.804	143.5
215.163	126.5
215.521	134.5
215.88	125.5
216.238	108.5
216.597	113.5
216.955	109.5
217.314	113.5
217.672	108.5
218.031	107.5
218.389	113.5
218.748	108.5
219.106	97.5
219.464	101.5
219.823	107.5
220.181	100.5
220.539	89.5
220.898	110.5
221.256	104.5
221.614	101.5
221.973	92.5
222.331	99.5
222.689	107.5
223.047	95.5
223.405	94.5
223.762	104.5
224.12	96.5
224.479	104.5
224.837	98.5
225.195	99.5
225.553	93.5
225.911	89.5
226.269	98.5
226.627	99.5
226.985	99.5
227.343	99.5
227.701	94.5
228.058	100.5
228.416	95.5
228.773	99.5
229.131	97.5
229.489	105.5
229.847	102.5
230.205	101.5
230.563	105.5
230.919	113.5
231.277	101.5
231.635	100.5
231.993	104.5
232.351	104.5
232.708	103.5
233.065	109.5
233.422	102.5
233.78	101.5
234.138	110.5
234.495	106.5
234.852	100.5
235.209	108.5
235.567	105.5
235.925	108.5
236.282	109.5
236.638	123.5
236.996	116.5
237.353	102.5
237.711	116.5
238.067	108.5
238.425	106.5
238.782	114.5
239.139	113.5
239.495	115.5
239.853	112.5
240.21	106.5
240.568	110.5
240.924	120.5
241.281	121.5
241.638	114.5
241.996	110.5
242.352	113.5
242.709	111.5
243.066	122.5
243.422	103.5
243.779	114.5
244.136	121.5
244.492	110.5
244.849	127.5
245.207	107.5
245.562	124.5
245.919	120.5
246.277	113.5
246.632	111.5
246.989	110.5
247.346	108.5
247.702	112.5
248.059	125.5
248.416	120.5
248.772	112.5
249.129	115.5
249.484	127.5
249.841	121.5
250.198	126.5
250.554	134.5
250.911	124.5
251.266	137.5
251.623	138.5
251.98	139.5
252.335	150.5
252.692	140.5
253.047	144.5
253.404	141.5
253.76	150.5
254.116	150.5
254.473	150.5
254.828	152.5
255.185	153.5
255.54	165.5
255.897	135.5
256.252	165.5
256.609	158.5
256.964	144.5
257.321	148.5
257.676	131.5
258.032	135.5
258.388	134.5
258.744	142.5
259.099	137.5
259.456	125.5
259.811	127.5
260.167	126.5
260.522	128.5
260.879	114.5
261.234	121.5
261.59	126.5
261.945	118.5
262.301	122.5
262.656	122.5
263.011	124.5
263.368	116.5
263.723	112.5
264.079	111.5
264.434	99.5
264.79	112.5
265.145	106.5
265.5	106.5
265.856	117.5
266.211	110.5
266.567	103.5
266.921	106.5
267.276	109.5
267.632	106.5
267.987	108.5
268.342	107.5
268.698	100.5
269.052	102.5
269.408	101.5
269.763	101.5
270.118	92.5
270.474	102.5
270.828	96.5
271.183	105.5
271.539	102.5
271.893	98.5
272.248	91.5
272.604	98.5
272.958	90.5
273.312	98.5
273.667	89.5
274.023	99.5
274.377	93.5
274.731	98.5
275.087	89.5
275.442	103.5
275.796	102.5
276.15	93.5
276.506	93.5
276.86	97.5
277.214	98.5
277.569	90.5
277.924	99.5
278.279	90.5
278.633	91.5
278.987	96.5
279.342	99.5
279.697	98.5
280.051	98.5
280.405	102.5
280.759	96.5
281.114	93.5
281.469	103.5
281.823	95.5
282.177	94.5
282.531	102.5
282.886	94.5
283.24	104.5
283.594	93.5
283.948	86.5
284.302	101.5
284.656	92.5
285.011	99.5
285.365	90.5
285.719	95.5
286.073	94.5
286.427	95.5
286.78	98.5
287.134	100.5
287.489	95.5
287.843	94.5
288.197	94.5
288.551	99.5
288.904	105.5
289.258	99.5
289.612	93.5
289.965	96.5
290.319	102.5
290.673	91.5
291.026	96.5
291.381	94.5
291.735	100.5
292.088	100.5
292.442	107.5
292.795	100.5
293.149	106.5
293.503	108.5
293.856	100.5
294.209	113.5
294.563	101.5
294.916	101.5
295.27	112.5
295.623	107.5
295.977	100.5
296.33	107.5
296.683	111.5
297.037	106.5
297.39	117.5
297.743	113.5
298.097	115.5
298.45	121.5
298.803	119.5
299.156	108.5
299.51	116.5
299.863	124.5
300.216	124.5
300.569	124.5
300.922	122.5
301.275	116.5
301.627	130.5
301.98	124.5
302.333	135.5
302.686	133.5
303.039	128.5
303.392	143.5
303.746	132.5
304.099	146.5
304.452	146.5
304.804	141.5
305.156	159.5
305.509	148.5
305.862	156.5
306.215	179.5
306.568	177.5
306.921	190.5
307.273	216.5
307.626	199.5
307.978	217.5
308.331	242.5
308.683	245.5
309.036	262.5
309.389	283.5
309.742	312.5
310.093	337.5
310.446	364.5
310.798	347.5
311.151	363.5
311.504	369.5
311.855	373.5
312.208	392.5
312.56	352.5
312.913	339.5
313.265	342.5
313.617	332.5
313.969	294.5
314.322	263.5
314.674	261.5
315.025	275.5
315.378	248.5
315.73	221.5
316.083	232.5
316.434	227.5
316.786	214.5
317.138	200.5
317.489	205.5
317.842	203.5
318.194	205.5
318.547	182.5
318.897	180.5
319.25	170.5
319.602	172.5
319.953	173.5
320.305	156.5
320.657	145.5
321.008	150.5
321.36	152.5
321.713	136.5
322.063	135.5
322.416	135.5
322.768	139.5
323.118	128.5
323.471	125.5
323.823	121.5
324.173	122.5
324.525	120.5
324.876	123.5
325.228	117.5
325.58	122.5
325.931	123.5
326.283	116.5
326.633	108.5
326.985	101.5
327.337	111.5
327.688	107.5
328.039	105.5
328.39	111.5
328.742	110.5
329.094	104.5
329.444	112.5
329.796	106.5
330.146	95.5
330.498	114.5
330.848	108.5
331.2	105.5
331.551	109.5
331.902	107.5
332.253	104.5
332.604	98.5
332.954	102.5
333.306	104.5
333.656	98.5
334.008	106.5
334.358	99.5
334.71	102.5
335.06	104.5
335.411	106.5
335.762	104.5
336.113	93.5
