39.5698	166.5
39.941	149.5
40.3108	146.5
40.6805	128.5
41.0503	144.5
41.42	122.5
41.7897	114.5
42.1593	116.5
42.529	117.5
42.9001	120.5
43.2697	127.5
43.6393	119.5
44.0089	122.5
44.3784	125.5
44.748	132.5
45.1175	125.5
45.487	129.5
45.8565	117.5
46.226	118.5
46.5955	121.5
46.9649	126.5
47.3343	131.5
47.7052	129.5
48.0746	122.5
48.4439	123.5
48.8133	138.5
49.1826	186.5
49.5519	162.5
49.9212	127.5
50.2905	111.5
50.6598	122.5
51.029	142.5
51.3982	131.5
51.7675	166.5
52.1366	170.5
52.5058	186.5
52.875	249.5
53.2441	316.5
53.6132	487.5
53.9823	766.5
54.3514	891.5
54.7205	683.5
55.0895	479.5
55.4586	344.5
55.8276	299.5
56.1966	300.5
56.5641	238.5
56.9331	190.5
57.302	179.5
57.671	212.5
58.0399	184.5
58.4088	161.5
58.7776	147.5
59.1465	147.5
59.5153	141.5
59.8841	158.5
60.2529	177.5
60.6217	173.5
60.9905	183.5
61.3578	216.5
61.7265	235.5
62.0953	279.5
62.464	343.5
62.8326	472.5
63.2013	601.5
63.5699	787.5
63.9386	805.5
64.3057	712.5
64.6743	566.5
65.0429	401.5
65.4114	312.5
65.78	230.5
66.1485	218.5
66.517	177.5
66.884	165.5
67.2525	144.5
67.621	151.5
67.9894	137.5
68.3578	144.5
68.7248	126.5
69.0931	124.5
69.4615	128.5
69.8299	117.5
70.1982	123.5
70.565	113.5
70.9333	131.5
71.3016	110.5
71.6699	124.5
72.0381	130.5
72.4049	126.5
72.7731	123.5
73.1413	143.5
73.5094	151.5
73.8762	190.5
74.2443	213.5
74.6124	240.5
74.9805	225.5
75.3471	186.5
75.7152	168.5
76.0832	136.5
76.4513	126.5
76.8178	117.5
77.1858	111.5
77.5538	112.5
77.9203	112.5
78.2883	112.5
78.6562	114.5
79.0241	123.5
79.3905	125.5
79.7584	107.5
80.1262	102.5
80.4926	107.5
80.8605	108.5
81.2282	123.5
81.5946	104.5
81.9624	106.5
82.3301	120.5
82.6964	106.5
83.0641	112.5
83.4318	103.5
83.798	107.5
84.1657	114.5
84.5319	112.5
84.8995	107.5
85.2671	108.5
85.6333	111.5
86.0008	115.5
86.3684	111.5
86.7345	112.5
87.102	120.5
87.468	109.5
87.8355	117.5
88.2016	109.5
88.569	114.5
88.9364	117.5
89.3024	105.5
89.6698	100.5
90.0357	120.5
90.4031	114.5
90.769	114.5
91.1363	105.5
91.5036	116.5
91.8695	112.5
92.2368	121.5
92.6026	108.5
92.9698	109.5
93.3356	115.5
93.7028	109.5
94.0685	120.5
94.4357	120.5
94.8014	126.5
95.1685	121.5
95.5342	119.5
95.9013	112.5
96.267	139.5
96.634	116.5
96.9996	114.5
97.3666	121.5
97.7322	141.5
98.0992	206.5
98.4647	197.5
98.8317	160.5
99.1972	124.5
99.5641	118.5
99.9296	117.5
100.296	127.5
100.662	118.5
101.027	121.5
101.394	117.5
101.76	116.5
102.126	111.5
102.492	116.5
102.858	113.5
103.224	122.5
103.589	122.5
103.956	113.5
104.321	116.5
104.688	122.5
105.053	117.5
105.418	125.5
105.785	122.5
106.15	123.5
106.515	121.5
106.882	111.5
107.247	115.5
107.613	126.5
107.978	111.5
108.343	119.5
108.71	111.5
109.075	119.5
109.44	117.5
109.806	111.5
110.171	121.5
110.536	121.5
110.903	118.5
111.268	119.5
111.633	121.5
111.999	124.5
112.364	108.5
112.729	105.5
113.093	114.5
113.46	106.5
113.825	105.5
114.189	104.5
114.555	100.5
114.92	101.5
115.285	102.5
115.65	100.5
116.016	100.5
116.381	108.5
116.745	104.5
117.11	103.5
117.476	103.5
117.841	100.5
118.205	100.5
118.57	111.5
118.936	90.5
119.3	110.5
119.665	95.5
120.029	103.5
120.394	107.5
120.76	113.5
121.124	109.5
121.489	95.5
121.853	112.5
122.217	98.5
122.583	97.5
122.948	109.5
123.312	96.5
123.676	109.5
124.041	116.5
124.406	104.5
124.771	109.5
125.135	111.5
125.499	103.5
125.863	103.5
126.228	108.5
126.592	97.5
126.957	101.5
127.322	106.5
127.686	100.5
128.05	96.5
128.414	109.5
128.778	100.5
129.142	120.5
129.506	101.5
129.87	102.5
130.236	102.5
130.6	103.5
130.964	110.5
131.328	108.5
131.692	99.5
132.056	104.5
132.419	107.5
132.783	105.5
133.147	97.5
133.511	101.5
133.875	105.5
134.239	106.5
134.603	113.5
134.966	110.5
135.33	109.5
135.694	110.5
136.058	111.5
136.421	106.5
136.785	112.5
137.149	117.5
137.514	113.5
137.878	108.5
138.241	114.5
138.603	115.5
138.967	113.5
139.331	96.5
139.694	108.5
140.058	102.5
140.421	106.5
140.785	102.5
141.148	108.5
141.512	102.5
141.875	93.5
142.239	96.5
142.602	112.5
142.966	101.5
143.329	104.5
143.692	108.5
144.056	114.5
144.419	109.5
144.782	109.5
145.146	114.5
145.509	105.5
145.871	102.5
146.234	104.5
146.597	108.5
146.961	106.5
147.324	96.5
147.687	105.5
148.05	105.5
148.413	111.5
148.777	108.5
149.138	105.5
149.501	114.5
149.864	114.5
150.228	106.5
150.591	99.5
150.954	113.5
151.317	116.5
151.678	116.5
152.041	114.5
152.404	121.5
152.767	110.5
153.13	109.5
153.492	110.5
153.854	127.5
154.217	120.5
154.58	129.5
154.943	139.5
155.304	143.5
155.667	154.5
156.03	173.5
156.393	186.5
156.756	213.5
157.117	259.5
157.48	249.5
157.842	229.5
158.205	227.5
158.566	202.5
158.929	178.5
159.292	148.5
159.654	146.5
160.015	123.5
160.378	135.5
160.741	134.5
161.103	112.5
161.464	118.5
161.827	112.5
162.189	128.5
162.55	116.5
162.913	107.5
163.275	119.5
163.638	111.5
163.999	112.5
164.361	112.5
164.724	104.5
165.085	116.5
165.447	112.5
165.809	113.5
166.17	104.5
166.532	116.5
166.895	109.5
167.256	104.5
167.618	103.5
167.979	103.5
168.341	117.5
168.703	117.5
169.064	93.5
169.426	119.5
169.788	97.5
170.149	110.5
170.511	103.5
170.872	102.5
171.234	115.5
171.596	123.5
171.956	106.5
172.318	110.5
172.679	108.5
173.041	102.5
173.401	111.5
173.763	113.5
174.125	108.5
174.486	111.5
174.848	102.5
175.208	121.5
175.57	100.5
175.931	115.5
176.292	123.5
176.653	117.5
177.015	114.5
177.375	107.5
177.737	109.5
178.098	127.5
178.459	123.5
178.821	110.5
179.181	116.5
179.542	109.5
179.903	123.5
180.264	114.5
180.625	121.5
180.985	120.5
181.346	112.5
181.707	119.5
182.068	124.5
182.428	131.5
182.79	122.5
183.15	127.5
183.511	127.5
183.871	131.5
184.233	138.5
184.593	132.5
184.953	138.5
185.314	137.5
185.674	142.5
186.036	144.5
186.396	143.5
186.757	148.5
187.117	136.5
187.477	156.5
187.838	132.5
188.198	135.5
188.559	131.5
188.919	134.5
189.279	130.5
189.64	144.5
190	129.5
190.359	135.5
190.721	136.5
191.08	124.5
191.44	132.5
191.801	132.5
192.161	122.5
192.52	120.5
192.882	117.5
193.241	123.5
193.601	114.5
193.962	118.5
194.321	122.5
194.681	125.5
195.042	119.5
195.401	116.5
195.761	113.5
196.122	117.5
196.481	119.5
196.841	118.5
197.2	112.5
197.561	114.5
197.92	120.5
198.28	115.5
198.639	118.5
199	105.5
199.359	114.5
199.718	110.5
200.078	105.5
200.438	103.5
200.798	110.5
201.157	98.5
201.516	114.5
201.877	105.5
202.236	99.5
202.595	103.5
202.954	108.5
203.313	103.5
203.674	104.5
204.033	112.5
204.392	104.5
204.751	108.5
205.11	108.5
205.471	111.5
205.83	115.5
206.189	93.5
206.548	98.5
206.907	112.5
207.266	113.5
207.626	100.5
207.985	110.5
208.344	103.5
208.703	108.5
209.062	106.5
209.42	106.5
209.779	107.5
210.138	108.5
210.498	117.5
210.857	109.5
211.216	117.5
211.575	109.5
211.933	124.5
212.292	111.5
212.651	115.5
213.01	108.5
213.368	116.5
213.727	106.5
214.085	117.5
214.444	121.5
214.804	117.5
215.163	111.5
215.521	104.5
215.88	109.5
216.238	110.5
216.597	114.5
216.955	118.5
217.314	112.5
217.672	116.5
218.031	118.5
218.389	108.5
218.748	113.5
219.106	108.5
219.464	120.5
219.823	111.5
220.181	121.5
220.539	105.5
220.898	117.5
221.256	115.5
221.614	127.5
221.973	127.5
222.331	126.5
222.689	120.5
223.047	113.5
223.405	128.5
223.762	126.5
224.12	131.5
224.479	129.5
224.837	129.5
225.195	128.5
225.553	136.5
225.911	122.5
226.269	134.5
226.627	133.5
226.985	134.5
227.343	147.5
227.701	138.5
228.058	155.5
228.416	150.5
228.773	142.5
229.131	131.5
229.489	164.5
229.847	155.5
230.205	168.5
230.563	164.5
230.919	150.5
231.277	163.5
231.635	152.5
231.993	165.5
232.351	176.5
232.708	187.5
233.065	190.5
233.422	184.5
233.78	182.5
234.138	193.5
234.495	190.5
234.852	203.5
235.209	209.5
235.567	223.5
235.925	228.5
236.282	231.5
236.638	241.5
236.996	231.5
237.353	218.5
237.711	226.5
238.067	233.5
238.425	252.5
238.782	266.5
239.139	254.5
239.495	267.5
239.853	256.5
240.21	255.5
240.568	263.5
240.924	255.5
241.281	248.5
241.638	247.5
241.996	247.5
242.352	241.5
242.709	238.5
243.066	218.5
243.422	220.5
243.779	211.5
244.136	212.5
244.492	210.5
244.849	195.5
245.207	190.5
245.562	194.5
245.919	186.5
246.277	167.5
246.632	169.5
246.989	176.5
247.346	185.5
247.702	170.5
248.059	158.5
248.416	165.5
248.772	162.5
249.129	150.5
249.484	158.5
249.841	166.5
250.198	161.5
250.554	161.5
250.911	164.5
251.266	167.5
251.623	144.5
251.98	151.5
252.335	141.5
252.692	158.5
253.047	153.5
253.404	153.5
253.76	157.5
254.116	159.5
254.473	155.5
254.828	139.5
255.185	148.5
255.54	163.5
255.897	153.5
256.252	152.5
256.609	167.5
256.964	153.5
257.321	136.5
257.676	152.5
258.032	147.5
258.388	150.5
258.744	151.5
259.099	146.5
259.456	151.5
259.811	170.5
260.167	152.5
260.522	163.5
260.879	156.5
261.234	151.5
261.59	161.5
261.945	152.5
262.301	163.5
262.656	159.5
263.011	173.5
263.368	168.5
263.723	138.5
264.079	151.5
264.434	166.5
264.79	175.5
265.145	163.5
265.5	150.5
265.856	143.5
266.211	161.5
266.567	147.5
266.921	163.5
267.276	152.5
267.632	155.5
267.987	150.5
268.342	139.5
268.698	146.5
269.052	129.5
269.408	149.5
269.763	149.5
270.118	123.5
270.474	138.5
270.828	128.5
271.183	134.5
271.539	116.5
271.893	141.5
272.248	142.5
272.604	125.5
272.958	128.5
273.312	132.5
273.667	133.5
274.023	140.5
274.377	129.5
274.731	122.5
275.087	125.5
275.442	125.5
275.796	124.5
276.15	121.5
276.506	125.5
276.86	130.5
277.214	116.5
277.569	123.5
277.924	119.5
278.279	117.5
278.633	117.5
278.987	127.5
279.342	121.5
279.697	127.5
280.051	128.5
280.405	120.5
280.759	125.5
281.114	132.5
281.469	123.5
281.823	112.5
282.177	117.5
282.531	115.5
282.886	121.5
283.24	124.5
283.594	117.5
283.948	120.5
284.302	111.5
284.656	121.5
285.011	133.5
285.365	124.5
285.719	123.5
286.073	122.5
286.427	125.5
286.78	134.5
287.134	128.5
287.489	124.5
287.843	116.5
288.197	133.5
288.551	137.5
288.904	133.5
289.258	136.5
289.612	147.5
289.965	131.5
290.319	132.5
290.673	154.5
291.026	135.5
291.381	140.5
291.735	146.5
292.088	144.5
292.442	156.5
292.795	155.5
293.149	157.5
293.503	158.5
293.856	158.5
294.209	172.5
294.563	156.5
294.916	170.5
295.27	164.5
295.623	167.5
295.977	180.5
296.33	174.5
296.683	162.5
297.037	171.5
297.39	157.5
297.743	176.5
298.097	178.5
298.45	187.5
298.803	197.5
299.156	177.5
299.51	186.5
299.863	203.5
300.216	198.5
300.569	184.5
300.922	192.5
301.275	209.5
301.627	226.5
301.98	227.5
302.333	221.5
302.686	243.5
303.039	250.5
303.392	242.5
303.746	247.5
304.099	266.5
304.452	270.5
304.804	283.5
305.156	306.5
305.509	334.5
305.862	333.5
306.215	364.5
306.568	390.5
306.921	404.5
307.273	460.5
307.626	476.5
307.978	504.5
308.331	527.5
308.683	577.5
309.036	654.5
309.389	764.5
309.742	777.5
310.093	839.5
310.446	957.5
310.798	987.5
311.151	1061.5
311.504	1088.5
311.855	1111.5
312.208	1091.5
312.56	1088.5
312.913	1008.5
313.265	1011.5
313.617	945.5
313.969	899.5
314.322	883.5
314.674	804.5
315.025	735.5
315.378	715.5
315.73	675.5
316.083	654.5
316.434	655.5
316.786	630.5
317.138	626.5
317.489	618.5
317.842	591.5
318.194	595.5
318.547	519.5
318.897	534.5
319.25	522.5
319.602	458.5
319.953	443.5
320.305	400.5
320.657	403.5
321.008	369.5
321.36	343.5
321.713	311.5
322.063	303.5
322.416	297.5
322.768	274.5
323.118	273.5
323.471	264.5
323.823	255.5
324.173	238.5
324.525	236.5
324.876	223.5
325.228	194.5
325.58	212.5
325.931	200.5
326.283	192.5
326.633	189.5
326.985	192.5
327.337	180.5
327.688	188.5
328.039	176.5
328.39	171.5
328.742	180.5
329.094	172.5
329.444	166.5
329.796	173.5
330.146	167.5
330.498	158.5
330.848	161.5
331.2	166.5
331.551	154.5
331.902	149.5
332.253	163.5
332.604	161.5
332.954	155.5
333.306	154.5
333.656	158.5
334.008	149.5
334.358	147.5
334.71	157.5
335.06	143.5
335.411	151.5
335.762	135.5
336.113	151.5
