39.5698	127.5
39.941	128.5
40.3108	112.5
40.6805	120.5
41.0503	114.5
41.42	112.5
41.7897	104.5
42.1593	111.5
42.529	114.5
42.9001	111.5
43.2697	108.5
43.6393	115.5
44.0089	115.5
44.3784	117.5
44.748	119.5
45.1175	114.5
45.487	98.5
45.8565	114.5
46.226	105.5
46.5955	103.5
46.9649	106.5
47.3343	112.5
47.7052	110.5
48.0746	106.5
48.4439	116.5
48.8133	125.5
49.1826	140.5
49.5519	135.5
49.9212	116.5
50.2905	101.5
50.6598	106.5
51.029	110.5
51.3982	113.5
51.7675	108.5
52.1366	129.5
52.5058	139.5
52.875	134.5
53.2441	138.5
53.6132	188.5
53.9823	250.5
54.3514	240.5
54.7205	242.5
55.0895	271.5
55.4586	360.5
55.8276	588.5
56.1966	544.5
56.5641	332.5
56.9331	216.5
57.302	198.5
57.671	183.5
58.0399	168.5
58.4088	164.5
58.7776	172.5
59.1465	191.5
59.5153	259.5
59.8841	337.5
60.2529	356.5
60.6217	340.5
60.9905	304.5
61.3578	285.5
61.7265	329.5
62.0953	407.5
62.464	492.5
62.8326	688.5
63.2013	909.5
63.5699	1000.5
63.9386	977.5
64.3057	807.5
64.6743	588.5
65.0429	506.5
65.4114	415.5
65.78	387.5
66.1485	299.5
66.517	250.5
66.884	190.5
67.2525	165.5
67.621	153.5
67.9894	153.5
68.3578	137.5
68.7248	123.5
69.0931	126.5
69.4615	135.5
69.8299	116.5
70.1982	121.5
70.565	131.5
70.9333	110.5
71.3016	121.5
71.6699	128.5
72.0381	124.5
72.4049	132.5
72.7731	130.5
73.1413	155.5
73.5094	172.5
73.8762	223.5
74.2443	263.5
74.6124	262.5
74.9805	242.5
75.3471	177.5
75.7152	166.5
76.0832	131.5
76.4513	121.5
76.8178	120.5
77.1858	109.5
77.5538	104.5
77.9203	112.5
78.2883	98.5
78.6562	109.5
79.0241	111.5
79.3905	106.5
79.7584	107.5
80.1262	101.5
80.4926	106.5
80.8605	103.5
81.2282	98.5
81.5946	104.5
81.9624	106.5
82.3301	94.5
82.6964	92.5
83.0641	88.5
83.4318	100.5
83.798	107.5
84.1657	98.5
84.5319	93.5
84.8995	110.5
85.2671	92.5
85.6333	101.5
86.0008	101.5
86.3684	99.5
86.7345	106.5
87.102	118.5
87.468	103.5
87.8355	109.5
88.2016	103.5
88.569	106.5
88.9364	95.5
89.3024	100.5
89.6698	109.5
90.0357	113.5
90.4031	113.5
90.769	125.5
91.1363	114.5
91.5036	112.5
91.8695	110.5
92.2368	93.5
92.6026	97.5
92.9698	101.5
93.3356	108.5
93.7028	97.5
94.0685	104.5
94.4357	103.5
94.8014	105.5
95.1685	111.5
95.5342	106.5
95.9013	99.5
96.267	109.5
96.634	101.5
96.9996	105.5
97.3666	101.5
97.7322	134.5
98.0992	222.5
98.4647	188.5
98.8317	136.5
99.1972	116.5
99.5641	93.5
99.9296	106.5
100.296	106.5
100.662	98.5
101.027	98.5
101.394	98.5
101.76	98.5
102.126	100.5
102.492	105.5
102.858	98.5
103.224	107.5
103.589	116.5
103.956	116.5
104.321	106.5
104.688	100.5
105.053	101.5
105.418	93.5
105.785	104.5
106.15	109.5
106.515	101.5
106.882	100.5
107.247	95.5
107.613	102.5
107.978	94.5
108.343	101.5
108.71	114.5
109.075	110.5
109.44	103.5
109.806	104.5
110.171	113.5
110.536	104.5
110.903	113.5
111.268	111.5
111.633	99.5
111.999	108.5
112.364	102.5
112.729	102.5
113.093	106.5
113.46	107.5
113.825	94.5
114.189	93.5
114.555	91.5
114.92	99.5
115.285	90.5
115.65	91.5
116.016	99.5
116.381	94.5
116.745	104.5
117.11	95.5
117.476	102.5
117.841	101.5
118.205	97.5
118.57	101.5
118.936	101.5
119.3	96.5
119.665	98.5
120.029	93.5
120.394	96.5
120.76	98.5
121.124	99.5
121.489	97.5
121.853	98.5
122.217	97.5
122.583	95.5
122.948	90.5
123.312	96.5
123.676	96.5
124.041	104.5
124.406	88.5
124.771	94.5
125.135	95.5
125.499	94.5
125.863	87.5
126.228	86.5
126.592	89.5
126.957	97.5
127.322	94.5
127.686	96.5
128.05	97.5
128.414	95.5
128.778	91.5
129.142	96.5
129.506	96.5
129.87	96.5
130.236	91.5
130.6	97.5
130.964	93.5
131.328	109.5
131.692	97.5
132.056	102.5
132.419	93.5
132.783	92.5
133.147	100.5
133.511	94.5
133.875	100.5
134.239	98.5
134.603	100.5
134.966	99.5
135.33	100.5
135.694	93.5
136.058	95.5
136.421	100.5
136.785	102.5
137.149	97.5
137.514	99.5
137.878	99.5
138.241	98.5
138.603	102.5
138.967	103.5
139.331	101.5
139.694	102.5
140.058	98.5
140.421	99.5
140.785	95.5
141.148	103.5
141.512	98.5
141.875	96.5
142.239	96.5
142.602	96.5
142.966	98.5
143.329	95.5
143.692	102.5
144.056	100.5
144.419	102.5
144.782	103.5
145.146	95.5
145.509	99.5
145.871	97.5
146.234	87.5
146.597	102.5
146.961	91.5
147.324	98.5
147.687	98.5
148.05	97.5
148.413	97.5
148.777	105.5
149.138	94.5
149.501	95.5
149.864	98.5
150.228	99.5
150.591	107.5
150.954	92.5
151.317	100.5
151.678	100.5
152.041	109.5
152.404	104.5
152.767	94.5
153.13	103.5
153.492	91.5
153.854	97.5
154.217	112.5
154.58	98.5
154.943	102.5
155.304	107.5
155.667	112.5
156.03	115.5
156.393	120.5
156.756	128.5
157.117	111.5
157.48	119.5
157.842	119.5
158.205	119.5
158.566	114.5
158.929	114.5
159.292	104.5
159.654	105.5
160.015	102.5
160.378	92.5
160.741	104.5
161.103	101.5
161.464	108.5
161.827	90.5
162.189	101.5
162.55	99.5
162.913	100.5
163.275	99.5
163.638	101.5
163.999	102.5
164.361	103.5
164.724	96.5
165.085	97.5
165.447	96.5
165.809	96.5
166.17	108.5
166.532	100.5
166.895	106.5
167.256	104.5
167.618	109.5
167.979	102.5
168.341	112.5
168.703	98.5
169.064	113.5
169.426	104.5
169.788	97.5
170.149	104.5
170.511	96.5
170.872	97.5
171.234	101.5
171.596	107.5
171.956	91.5
172.318	105.5
172.679	94.5
173.041	107.5
173.401	109.5
173.763	110.5
174.125	113.5
174.486	104.5
174.848	111.5
175.208	103.5
175.57	110.5
175.931	109.5
176.292	112.5
176.653	103.5
177.015	111.5
177.375	117.5
177.737	114.5
178.098	118.5
178.459	111.5
178.821	125.5
179.181	116.5
179.542	120.5
179.903	123.5
180.264	119.5
180.625	123.5
180.985	132.5
181.346	131.5
181.707	133.5
182.068	136.5
182.428	139.5
182.79	143.5
183.15	157.5
183.511	143.5
183.871	143.5
184.233	151.5
184.593	169.5
184.953	160.5
185.314	138.5
185.674	148.5
186.036	165.5
186.396	159.5
186.757	155.5
187.117	180.5
187.477	169.5
187.838	159.5
188.198	169.5
188.559	147.5
188.919	159.5
189.279	158.5
189.64	144.5
190	143.5
190.359	150.5
190.721	130.5
191.08	145.5
191.44	134.5
191.801	145.5
192.161	137.5
192.52	134.5
192.882	131.5
193.241	137.5
193.601	122.5
193.962	133.5
194.321	130.5
194.681	125.5
195.042	124.5
195.401	122.5
195.761	125.5
196.122	123.5
196.481	125.5
196.841	117.5
197.2	107.5
197.561	120.5
197.92	119.5
198.28	121.5
198.639	111.5
199	104.5
199.359	124.5
199.718	113.5
200.078	106.5
200.438	117.5
200.798	116.5
201.157	112.5
201.516	116.5
201.877	107.5
202.236	113.5
202.595	113.5
202.954	109.5
203.313	118.5
203.674	113.5
204.033	110.5
204.392	111.5
204.751	117.5
205.11	112.5
205.471	125.5
205.83	115.5
206.189	116.5
206.548	117.5
206.907	114.5
207.266	116.5
207.626	114.5
207.985	110.5
208.344	119.5
208.703	128.5
209.062	132.5
209.42	121.5
209.779	142.5
210.138	128.5
210.498	139.5
210.857	144.5
211.216	156.5
211.575	144.5
211.933	141.5
212.292	135.5
212.651	135.5
213.01	137.5
213.368	142.5
213.727	118.5
214.085	124.5
214.444	136.5
214.804	129.5
215.163	115.5
215.521	125.5
215.88	125.5
216.238	121.5
216.597	115.5
216.955	104.5
217.314	121.5
217.672	108.5
218.031	126.5
218.389	112.5
218.748	118.5
219.106	116.5
219.464	114.5
219.823	123.5
220.181	119.5
220.539	124.5
220.898	115.5
221.256	106.5
221.614	112.5
221.973	106.5
222.331	114.5
222.689	118.5
223.047	107.5
223.405	119.5
223.762	113.5
224.12	106.5
224.479	114.5
224.837	114.5
225.195	122.5
225.553	127.5
225.911	122.5
226.269	122.5
226.627	116.5
226.985	119.5
227.343	131.5
227.701	133.5
228.058	135.5
228.416	138.5
228.773	125.5
229.131	138.5
229.489	142.5
229.847	135.5
230.205	133.5
230.563	134.5
230.919	142.5
231.277	140.5
231.635	149.5
231.993	147.5
232.351	143.5
232.708	151.5
233.065	144.5
233.422	148.5
233.78	142.5
234.138	153.5
234.495	165.5
234.852	169.5
235.209	162.5
235.567	160.5
235.925	175.5
236.282	190.5
236.638	189.5
236.996	194.5
237.353	174.5
237.711	188.5
238.067	182.5
238.425	187.5
238.782	189.5
239.139	196.5
239.495	195.5
239.853	188.5
240.21	191.5
240.568	183.5
240.924	187.5
241.281	184.5
241.638	181.5
241.996	181.5
242.352	179.5
242.709	173.5
243.066	183.5
243.422	178.5
243.779	177.5
244.136	176.5
244.492	166.5
244.849	160.5
245.207	166.5
245.562	150.5
245.919	144.5
246.277	149.5
246.632	151.5
246.989	153.5
247.346	152.5
247.702	150.5
248.059	141.5
248.416	152.5
248.772	160.5
249.129	153.5
249.484	151.5
249.841	145.5
250.198	144.5
250.554	145.5
250.911	133.5
251.266	143.5
251.623	160.5
251.98	154.5
252.335	148.5
252.692	148.5
253.047	147.5
253.404	148.5
253.76	138.5
254.116	165.5
254.473	154.5
254.828	138.5
255.185	163.5
255.54	145.5
255.897	153.5
256.252	150.5
256.609	152.5
256.964	135.5
257.321	148.5
257.676	148.5
258.032	149.5
258.388	138.5
258.744	150.5
259.099	139.5
259.456	147.5
259.811	141.5
260.167	130.5
260.522	150.5
260.879	141.5
261.234	126.5
261.59	132.5
261.945	124.5
262.301	128.5
262.656	145.5
263.011	129.5
263.368	131.5
263.723	127.5
264.079	132.5
264.434	132.5
264.79	121.5
265.145	129.5
265.5	127.5
265.856	118.5
266.211	115.5
266.567	130.5
266.921	123.5
267.276	126.5
267.632	110.5
267.987	127.5
268.342	125.5
268.698	134.5
269.052	122.5
269.408	111.5
269.763	113.5
270.118	114.5
270.474	131.5
270.828	110.5
271.183	123.5
271.539	114.5
271.893	114.5
272.248	117.5
272.604	113.5
272.958	117.5
273.312	111.5
273.667	109.5
274.023	117.5
274.377	123.5
274.731	110.5
275.087	104.5
275.442	113.5
275.796	124.5
276.15	114.5
276.506	104.5
276.86	109.5
277.214	117.5
277.569	112.5
277.924	112.5
278.279	106.5
278.633	118.5
278.987	113.5
279.342	117.5
279.697	114.5
280.051	117.5
280.405	112.5
280.759	117.5
281.114	112.5
281.469	120.5
281.823	108.5
282.177	123.5
282.531	112.5
282.886	114.5
283.24	118.5
283.594	116.5
283.948	113.5
284.302	116.5
284.656	116.5
285.011	119.5
285.365	122.5
285.719	125.5
286.073	126.5
286.427	119.5
286.78	131.5
287.134	126.5
287.489	128.5
287.843	142.5
288.197	129.5
288.551	139.5
288.904	140.5
289.258	138.5
289.612	139.5
289.965	134.5
290.319	131.5
290.673	144.5
291.026	131.5
291.381	147.5
291.735	146.5
292.088	153.5
292.442	163.5
292.795	155.5
293.149	171.5
293.503	160.5
293.856	167.5
294.209	167.5
294.563	162.5
294.916	159.5
295.27	177.5
295.623	169.5
295.977	171.5
296.33	173.5
296.683	184.5
297.037	180.5
297.39	183.5
297.743	183.5
298.097	203.5
298.45	182.5
298.803	188.5
299.156	198.5
299.51	209.5
299.863	212.5
300.216	231.5
300.569	199.5
300.922	215.5
301.275	223.5
301.627	251.5
301.98	222.5
302.333	261.5
302.686	270.5
303.039	263.5
303.392	303.5
303.746	298.5
304.099	299.5
304.452	326.5
304.804	359.5
305.156	358.5
305.509	382.5
305.862	407.5
306.215	426.5
306.568	461.5
306.921	525.5
307.273	564.5
307.626	602.5
307.978	654.5
308.331	727.5
308.683	786.5
309.036	822.5
309.389	919.5
309.742	1036.5
310.093	1094.5
310.446	1221.5
310.798	1250.5
311.151	1290.5
311.504	1333.5
311.855	1232.5
312.208	1270.5
312.56	1218.5
312.913	1130.5
313.265	1072.5
313.617	1008.5
313.969	890.5
314.322	863.5
314.674	781.5
315.025	755.5
315.378	727.5
315.73	658.5
316.083	636.5
316.434	594.5
316.786	577.5
317.138	511.5
317.489	542.5
317.842	476.5
318.194	433.5
318.547	428.5
318.897	440.5
319.25	405.5
319.602	382.5
319.953	344.5
320.305	344.5
320.657	348.5
321.008	299.5
321.36	294.5
321.713	295.5
322.063	272.5
322.416	261.5
322.768	259.5
323.118	240.5
323.471	233.5
323.823	215.5
324.173	226.5
324.525	213.5
324.876	207.5
325.228	199.5
325.58	186.5
325.931	178.5
326.283	174.5
326.633	183.5
326.985	184.5
327.337	175.5
327.688	175.5
328.039	176.5
328.39	163.5
328.742	157.5
329.094	159.5
329.444	169.5
329.796	158.5
330.146	147.5
330.498	152.5
330.848	153.5
331.2	158.5
331.551	142.5
331.902	145.5
332.253	133.5
332.604	137.5
332.954	151.5
333.306	139.5
333.656	135.5
334.008	146.5
334.358	126.5
334.71	142.5
335.06	144.5
335.411	124.5
335.762	139.5
336.113	139.5
