39.5698	120.5
39.941	102.5
40.3108	113.5
40.6805	121.5
41.0503	114.5
41.42	106.5
41.7897	102.5
42.1593	115.5
42.529	111.5
42.9001	97.5
43.2697	116.5
43.6393	104.5
44.0089	113.5
44.3784	109.5
44.748	101.5
45.1175	105.5
45.487	112.5
45.8565	118.5
46.226	118.5
46.5955	113.5
46.9649	108.5
47.3343	101.5
47.7052	113.5
48.0746	114.5
48.4439	112.5
48.8133	128.5
49.1826	151.5
49.5519	149.5
49.9212	122.5
50.2905	117.5
50.6598	117.5
51.029	120.5
51.3982	112.5
51.7675	127.5
52.1366	151.5
52.5058	154.5
52.875	208.5
53.2441	253.5
53.6132	371.5
53.9823	554.5
54.3514	589.5
54.7205	467.5
55.0895	361.5
55.4586	312.5
55.8276	422.5
56.1966	488.5
56.5641	351.5
56.9331	220.5
57.302	168.5
57.671	186.5
58.0399	150.5
58.4088	149.5
58.7776	142.5
59.1465	144.5
59.5153	156.5
59.8841	155.5
60.2529	192.5
60.6217	186.5
60.9905	209.5
61.3578	200.5
61.7265	204.5
62.0953	253.5
62.464	330.5
62.8326	405.5
63.2013	547.5
63.5699	655.5
63.9386	692.5
64.3057	567.5
64.6743	436.5
65.0429	345.5
65.4114	292.5
65.78	224.5
66.1485	203.5
66.517	164.5
66.884	143.5
67.2525	134.5
67.621	132.5
67.9894	120.5
68.3578	120.5
68.7248	129.5
69.0931	116.5
69.4615	115.5
69.8299	114.5
70.1982	106.5
70.565	113.5
70.9333	104.5
71.3016	114.5
71.6699	109.5
72.0381	107.5
72.4049	109.5
72.7731	111.5
73.1413	118.5
73.5094	136.5
73.8762	175.5
74.2443	233.5
74.6124	237.5
74.9805	222.5
75.3471	173.5
75.7152	144.5
76.0832	127.5
76.4513	125.5
76.8178	100.5
77.1858	104.5
77.5538	100.5
77.9203	101.5
78.2883	107.5
78.6562	101.5
79.0241	98.5
79.3905	102.5
79.7584	106.5
80.1262	90.5
80.4926	98.5
80.8605	94.5
81.2282	97.5
81.5946	95.5
81.9624	97.5
82.3301	96.5
82.6964	102.5
83.0641	96.5
83.4318	92.5
83.798	108.5
84.1657	101.5
84.5319	92.5
84.8995	95.5
85.2671	99.5
85.6333	98.5
86.0008	98.5
86.3684	104.5
86.7345	105.5
87.102	90.5
87.468	102.5
87.8355	92.5
88.2016	101.5
88.569	101.5
88.9364	87.5
89.3024	98.5
89.6698	98.5
90.0357	94.5
90.4031	102.5
90.769	116.5
91.1363	102.5
91.5036	99.5
91.8695	101.5
92.2368	93.5
92.6026	106.5
92.9698	95.5
93.3356	104.5
93.7028	99.5
94.0685	102.5
94.4357	103.5
94.8014	104.5
95.1685	90.5
95.5342	105.5
95.9013	107.5
96.267	101.5
96.634	106.5
96.9996	94.5
97.3666	103.5
97.7322	133.5
98.0992	190.5
98.4647	193.5
98.8317	118.5
99.1972	101.5
99.5641	105.5
99.9296	95.5
100.296	102.5
100.662	97.5
101.027	98.5
101.394	104.5
101.76	107.5
102.126	106.5
102.492	102.5
102.858	105.5
103.224	97.5
103.589	98.5
103.956	97.5
104.321	108.5
104.688	101.5
105.053	102.5
105.418	95.5
105.785	102.5
106.15	99.5
106.515	107.5
106.882	110.5
107.247	100.5
107.613	93.5
107.978	100.5
108.343	108.5
108.71	102.5
109.075	113.5
109.44	104.5
109.806	100.5
110.171	104.5
110.536	105.5
110.903	109.5
111.268	105.5
111.633	98.5
111.999	100.5
112.364	99.5
112.729	99.5
113.093	107.5
113.46	91.5
113.825	94.5
114.189	97.5
114.555	95.5
114.92	91.5
115.285	91.5
115.65	86.5
116.016	98.5
116.381	93.5
116.745	95.5
117.11	99.5
117.476	96.5
117.841	88.5
118.205	92.5
118.57	98.5
118.936	95.5
119.3	102.5
119.665	97.5
120.029	97.5
120.394	100.5
120.76	97.5
121.124	96.5
121.489	90.5
121.853	104.5
122.217	90.5
122.583	90.5
122.948	89.5
123.312	88.5
123.676	96.5
124.041	92.5
124.406	94.5
124.771	83.5
125.135	92.5
125.499	96.5
125.863	100.5
126.228	90.5
126.592	93.5
126.957	88.5
127.322	93.5
127.686	89.5
128.05	89.5
128.414	100.5
128.778	98.5
129.142	97.5
129.506	94.5
129.87	88.5
130.236	89.5
130.6	100.5
130.964	96.5
131.328	100.5
131.692	92.5
132.056	89.5
132.419	94.5
132.783	92.5
133.147	102.5
133.511	90.5
133.875	109.5
134.239	94.5
134.603	100.5
134.966	101.5
135.33	96.5
135.694	95.5
136.058	87.5
136.421	98.5
136.785	100.5
137.149	102.5
137.514	94.5
137.878	96.5
138.241	96.5
138.603	103.5
138.967	92.5
139.331	102.5
139.694	89.5
140.058	93.5
140.421	92.5
140.785	96.5
141.148	89.5
141.512	106.5
141.875	91.5
142.239	98.5
142.602	96.5
142.966	90.5
143.329	103.5
143.692	95.5
144.056	96.5
144.419	92.5
144.782	94.5
145.146	100.5
145.509	93.5
145.871	100.5
146.234	98.5
146.597	104.5
146.961	94.5
147.324	96.5
147.687	87.5
148.05	89.5
148.413	103.5
148.777	89.5
149.138	90.5
149.501	102.5
149.864	93.5
150.228	100.5
150.591	91.5
150.954	96.5
151.317	102.5
151.678	101.5
152.041	110.5
152.404	106.5
152.767	95.5
153.13	101.5
153.492	104.5
153.854	109.5
154.217	112.5
154.58	108.5
154.943	111.5
155.304	110.5
155.667	123.5
156.03	143.5
156.393	153.5
156.756	188.5
157.117	200.5
157.48	177.5
157.842	178.5
158.205	162.5
158.566	160.5
158.929	139.5
159.292	116.5
159.654	107.5
160.015	120.5
160.378	112.5
160.741	112.5
161.103	100.5
161.464	104.5
161.827	103.5
162.189	101.5
162.55	103.5
162.913	92.5
163.275	97.5
163.638	104.5
163.999	96.5
164.361	99.5
164.724	101.5
165.085	100.5
165.447	103.5
165.809	106.5
166.17	98.5
166.532	98.5
166.895	94.5
167.256	99.5
167.618	97.5
167.979	97.5
168.341	90.5
168.703	99.5
169.064	93.5
169.426	95.5
169.788	89.5
170.149	96.5
170.511	91.5
170.872	90.5
171.234	99.5
171.596	95.5
171.956	98.5
172.318	100.5
172.679	100.5
173.041	89.5
173.401	95.5
173.763	98.5
174.125	95.5
174.486	108.5
174.848	98.5
175.208	94.5
175.57	93.5
175.931	95.5
176.292	103.5
176.653	92.5
177.015	100.5
177.375	92.5
177.737	103.5
178.098	99.5
178.459	105.5
178.821	111.5
179.181	94.5
179.542	100.5
179.903	109.5
180.264	102.5
180.625	108.5
180.985	104.5
181.346	103.5
181.707	106.5
182.068	94.5
182.428	110.5
182.79	103.5
183.15	104.5
183.511	110.5
183.871	107.5
184.233	112.5
184.593	111.5
184.953	113.5
185.314	109.5
185.674	127.5
186.036	120.5
186.396	118.5
186.757	115.5
187.117	123.5
187.477	128.5
187.838	117.5
188.198	108.5
188.559	120.5
188.919	120.5
189.279	109.5
189.64	124.5
190	99.5
190.359	107.5
190.721	102.5
191.08	94.5
191.44	112.5
191.801	105.5
192.161	109.5
192.52	105.5
192.882	108.5
193.241	106.5
193.601	115.5
193.962	103.5
194.321	107.5
194.681	103.5
195.042	116.5
195.401	107.5
195.761	105.5
196.122	104.5
196.481	100.5
196.841	100.5
197.2	103.5
197.561	97.5
197.92	101.5
198.28	88.5
198.639	96.5
199	101.5
199.359	104.5
199.718	96.5
200.078	96.5
200.438	103.5
200.798	108.5
201.157	101.5
201.516	93.5
201.877	108.5
202.236	93.5
202.595	105.5
202.954	96.5
203.313	109.5
203.674	98.5
204.033	93.5
204.392	107.5
204.751	97.5
205.11	106.5
205.471	98.5
205.83	106.5
206.189	105.5
206.548	110.5
206.907	92.5
207.266	104.5
207.626	103.5
207.985	104.5
208.344	102.5
208.703	115.5
209.062	99.5
209.42	88.5
209.779	114.5
210.138	120.5
210.498	104.5
210.857	118.5
211.216	119.5
211.575	121.5
211.933	116.5
212.292	125.5
212.651	116.5
213.01	123.5
213.368	120.5
213.727	120.5
214.085	123.5
214.444	111.5
214.804	106.5
215.163	104.5
215.521	110.5
215.88	110.5
216.238	99.5
216.597	102.5
216.955	108.5
217.314	98.5
217.672	104.5
218.031	103.5
218.389	105.5
218.748	91.5
219.106	104.5
219.464	100.5
219.823	104.5
220.181	102.5
220.539	112.5
220.898	96.5
221.256	109.5
221.614	105.5
221.973	107.5
222.331	98.5
222.689	113.5
223.047	102.5
223.405	110.5
223.762	107.5
224.12	105.5
224.479	114.5
224.837	108.5
225.195	107.5
225.553	107.5
225.911	114.5
226.269	110.5
226.627	115.5
226.985	110.5
227.343	115.5
227.701	119.5
228.058	123.5
228.416	121.5
228.773	117.5
229.131	128.5
229.489	117.5
229.847	125.5
230.205	128.5
230.563	130.5
230.919	129.5
231.277	127.5
231.635	132.5
231.993	139.5
232.351	122.5
232.708	153.5
233.065	141.5
233.422	129.5
233.78	144.5
234.138	153.5
234.495	139.5
234.852	153.5
235.209	150.5
235.567	161.5
235.925	162.5
236.282	165.5
236.638	173.5
236.996	170.5
237.353	154.5
237.711	161.5
238.067	168.5
238.425	175.5
238.782	176.5
239.139	174.5
239.495	187.5
239.853	165.5
240.21	179.5
240.568	186.5
240.924	180.5
241.281	158.5
241.638	171.5
241.996	176.5
242.352	166.5
242.709	163.5
243.066	169.5
243.422	172.5
243.779	146.5
244.136	170.5
244.492	160.5
244.849	159.5
245.207	156.5
245.562	154.5
245.919	147.5
246.277	141.5
246.632	153.5
246.989	141.5
247.346	136.5
247.702	139.5
248.059	124.5
248.416	142.5
248.772	134.5
249.129	129.5
249.484	127.5
249.841	139.5
250.198	143.5
250.554	132.5
250.911	130.5
251.266	128.5
251.623	131.5
251.98	129.5
252.335	123.5
252.692	139.5
253.047	122.5
253.404	123.5
253.76	140.5
254.116	130.5
254.473	141.5
254.828	139.5
255.185	138.5
255.54	136.5
255.897	136.5
256.252	142.5
256.609	128.5
256.964	141.5
257.321	132.5
257.676	145.5
258.032	141.5
258.388	124.5
258.744	135.5
259.099	134.5
259.456	133.5
259.811	127.5
260.167	134.5
260.522	139.5
260.879	129.5
261.234	138.5
261.59	128.5
261.945	133.5
262.301	145.5
262.656	123.5
263.011	125.5
263.368	128.5
263.723	131.5
264.079	128.5
264.434	135.5
264.79	132.5
265.145	138.5
265.5	129.5
265.856	145.5
266.211	116.5
266.567	132.5
266.921	128.5
267.276	130.5
267.632	147.5
267.987	117.5
268.342	120.5
268.698	116.5
269.052	121.5
269.408	127.5
269.763	125.5
270.118	118.5
270.474	111.5
270.828	108.5
271.183	120.5
271.539	110.5
271.893	114.5
272.248	117.5
272.604	102.5
272.958	119.5
273.312	108.5
273.667	117.5
274.023	112.5
274.377	110.5
274.731	111.5
275.087	115.5
275.442	108.5
275.796	110.5
276.15	102.5
276.506	110.5
276.86	104.5
277.214	113.5
277.569	106.5
277.924	105.5
278.279	107.5
278.633	108.5
278.987	103.5
279.342	105.5
279.697	110.5
280.051	107.5
280.405	107.5
280.759	99.5
281.114	111.5
281.469	108.5
281.823	110.5
282.177	113.5
282.531	111.5
282.886	113.5
283.24	109.5
283.594	108.5
283.948	111.5
284.302	111.5
284.656	108.5
285.011	107.5
285.365	117.5
285.719	105.5
286.073	110.5
286.427	112.5
286.78	102.5
287.134	112.5
287.489	103.5
287.843	112.5
288.197	108.5
288.551	116.5
288.904	123.5
289.258	109.5
289.612	117.5
289.965	113.5
290.319	124.5
290.673	129.5
291.026	115.5
291.381	115.5
291.735	113.5
292.088	121.5
292.442	127.5
292.795	130.5
293.149	125.5
293.503	125.5
293.856	131.5
294.209	129.5
294.563	127.5
294.916	133.5
295.27	126.5
295.623	123.5
295.977	131.5
296.33	133.5
296.683	147.5
297.037	143.5
297.39	148.5
297.743	142.5
298.097	154.5
298.45	152.5
298.803	159.5
299.156	147.5
299.51	160.5
299.863	170.5
300.216	174.5
300.569	163.5
300.922	177.5
301.275	174.5
301.627	169.5
301.98	162.5
302.333	191.5
302.686	195.5
303.039	174.5
303.392	201.5
303.746	197.5
304.099	199.5
304.452	224.5
304.804	240.5
305.156	246.5
305.509	251.5
305.862	281.5
306.215	280.5
306.568	318.5
306.921	324.5
307.273	334.5
307.626	373.5
307.978	421.5
308.331	408.5
308.683	451.5
309.036	505.5
309.389	556.5
309.742	622.5
310.093	645.5
310.446	694.5
310.798	788.5
311.151	798.5
311.504	814.5
311.855	868.5
312.208	841.5
312.56	803.5
312.913	729.5
313.265	685.5
313.617	701.5
313.969	643.5
314.322	587.5
314.674	559.5
315.025	540.5
315.378	546.5
315.73	521.5
316.083	500.5
316.434	468.5
316.786	494.5
317.138	454.5
317.489	421.5
317.842	439.5
318.194	402.5
318.547	424.5
318.897	368.5
319.25	347.5
319.602	352.5
319.953	312.5
320.305	303.5
320.657	295.5
321.008	281.5
321.36	254.5
321.713	234.5
322.063	230.5
322.416	228.5
322.768	217.5
323.118	223.5
323.471	196.5
323.823	182.5
324.173	180.5
324.525	170.5
324.876	150.5
325.228	163.5
325.58	169.5
325.931	154.5
326.283	151.5
326.633	146.5
326.985	148.5
327.337	143.5
327.688	151.5
328.039	131.5
328.39	146.5
328.742	151.5
329.094	146.5
329.444	145.5
329.796	141.5
330.146	133.5
330.498	123.5
330.848	134.5
331.2	139.5
331.551	132.5
331.902	121.5
332.253	135.5
332.604	119.5
332.954	123.5
333.306	120.5
333.656	121.5
334.008	119.5
334.358	117.5
334.71	127.5
335.06	117.5
335.411	122.5
335.762	125.5
336.113	123.5
