39.5698	131.5
39.941	127.5
40.3108	113.5
40.6805	107.5
41.0503	118.5
41.42	122.5
41.7897	123.5
42.1593	107.5
42.529	117.5
42.9001	111.5
43.2697	117.5
43.6393	112.5
44.0089	118.5
44.3784	115.5
44.748	125.5
45.1175	119.5
45.487	114.5
45.8565	126.5
46.226	118.5
46.5955	115.5
46.9649	117.5
47.3343	117.5
47.7052	112.5
48.0746	112.5
48.4439	113.5
48.8133	127.5
49.1826	167.5
49.5519	155.5
49.9212	118.5
50.2905	104.5
50.6598	113.5
51.029	116.5
51.3982	122.5
51.7675	123.5
52.1366	123.5
52.5058	136.5
52.875	142.5
53.2441	175.5
53.6132	197.5
53.9823	254.5
54.3514	272.5
54.7205	247.5
55.0895	227.5
55.4586	240.5
55.8276	295.5
56.1966	280.5
56.5641	246.5
56.9331	172.5
57.302	181.5
57.671	215.5
58.0399	200.5
58.4088	179.5
58.7776	205.5
59.1465	232.5
59.5153	322.5
59.8841	453.5
60.2529	502.5
60.6217	447.5
60.9905	387.5
61.3578	388.5
61.7265	423.5
62.0953	543.5
62.464	642.5
62.8326	934.5
63.2013	1247.5
63.5699	1466.5
63.9386	1410.5
64.3057	1132.5
64.6743	864.5
65.0429	719.5
65.4114	591.5
65.78	527.5
66.1485	431.5
66.517	338.5
66.884	259.5
67.2525	199.5
67.621	188.5
67.9894	171.5
68.3578	171.5
68.7248	153.5
69.0931	156.5
69.4615	144.5
69.8299	130.5
70.1982	136.5
70.565	129.5
70.9333	127.5
71.3016	139.5
71.6699	140.5
72.0381	134.5
72.4049	130.5
72.7731	156.5
73.1413	188.5
73.5094	200.5
73.8762	270.5
74.2443	340.5
74.6124	329.5
74.9805	287.5
75.3471	215.5
75.7152	180.5
76.0832	155.5
76.4513	132.5
76.8178	123.5
77.1858	128.5
77.5538	114.5
77.9203	109.5
78.2883	114.5
78.6562	116.5
79.0241	107.5
79.3905	104.5
79.7584	105.5
80.1262	95.5
80.4926	103.5
80.8605	105.5
81.2282	103.5
81.5946	103.5
81.9624	92.5
82.3301	110.5
82.6964	101.5
83.0641	102.5
83.4318	109.5
83.798	105.5
84.1657	112.5
84.5319	99.5
84.8995	102.5
85.2671	110.5
85.6333	108.5
86.0008	100.5
86.3684	102.5
86.7345	111.5
87.102	126.5
87.468	110.5
87.8355	106.5
88.2016	103.5
88.569	107.5
88.9364	120.5
89.3024	118.5
89.6698	122.5
90.0357	124.5
90.4031	138.5
90.769	139.5
91.1363	142.5
91.5036	126.5
91.8695	113.5
92.2368	111.5
92.6026	106.5
92.9698	113.5
93.3356	101.5
93.7028	99.5
94.0685	109.5
94.4357	106.5
94.8014	107.5
95.1685	104.5
95.5342	113.5
95.9013	108.5
96.267	119.5
96.634	111.5
96.9996	98.5
97.3666	104.5
97.7322	145.5
98.0992	235.5
98.4647	206.5
98.8317	148.5
99.1972	114.5
99.5641	99.5
99.9296	110.5
100.296	106.5
100.662	111.5
101.027	111.5
101.394	103.5
101.76	113.5
102.126	116.5
102.492	111.5
102.858	107.5
103.224	117.5
103.589	109.5
103.956	108.5
104.321	105.5
104.688	108.5
105.053	115.5
105.418	107.5
105.785	110.5
106.15	112.5
106.515	100.5
106.882	112.5
107.247	102.5
107.613	106.5
107.978	102.5
108.343	103.5
108.71	105.5
109.075	116.5
109.44	116.5
109.806	123.5
110.171	112.5
110.536	103.5
110.903	112.5
111.268	111.5
111.633	110.5
111.999	106.5
112.364	100.5
112.729	110.5
113.093	94.5
113.46	98.5
113.825	96.5
114.189	101.5
114.555	100.5
114.92	94.5
115.285	100.5
115.65	97.5
116.016	98.5
116.381	95.5
116.745	93.5
117.11	92.5
117.476	89.5
117.841	99.5
118.205	96.5
118.57	104.5
118.936	100.5
119.3	102.5
119.665	97.5
120.029	92.5
120.394	97.5
120.76	90.5
121.124	104.5
121.489	97.5
121.853	102.5
122.217	99.5
122.583	93.5
122.948	97.5
123.312	94.5
123.676	94.5
124.041	92.5
124.406	92.5
124.771	96.5
125.135	96.5
125.499	90.5
125.863	100.5
126.228	103.5
126.592	89.5
126.957	86.5
127.322	88.5
127.686	96.5
128.05	99.5
128.414	97.5
128.778	93.5
129.142	90.5
129.506	98.5
129.87	100.5
130.236	97.5
130.6	100.5
130.964	98.5
131.328	98.5
131.692	94.5
132.056	97.5
132.419	105.5
132.783	94.5
133.147	95.5
133.511	92.5
133.875	100.5
134.239	109.5
134.603	96.5
134.966	104.5
135.33	100.5
135.694	101.5
136.058	96.5
136.421	108.5
136.785	102.5
137.149	92.5
137.514	102.5
137.878	101.5
138.241	99.5
138.603	106.5
138.967	104.5
139.331	93.5
139.694	109.5
140.058	96.5
140.421	99.5
140.785	90.5
141.148	96.5
141.512	90.5
141.875	98.5
142.239	97.5
142.602	106.5
142.966	105.5
143.329	111.5
143.692	98.5
144.056	98.5
144.419	112.5
144.782	100.5
145.146	100.5
145.509	90.5
145.871	99.5
146.234	102.5
146.597	91.5
146.961	105.5
147.324	103.5
147.687	93.5
148.05	88.5
148.413	100.5
148.777	93.5
149.138	89.5
149.501	95.5
149.864	98.5
150.228	96.5
150.591	100.5
150.954	101.5
151.317	94.5
151.678	96.5
152.041	95.5
152.404	89.5
152.767	99.5
153.13	102.5
153.492	98.5
153.854	93.5
154.217	109.5
154.58	108.5
154.943	106.5
155.304	117.5
155.667	111.5
156.03	132.5
156.393	121.5
156.756	146.5
157.117	136.5
157.48	130.5
157.842	133.5
158.205	138.5
158.566	132.5
158.929	119.5
159.292	101.5
159.654	114.5
160.015	104.5
160.378	109.5
160.741	100.5
161.103	118.5
161.464	99.5
161.827	103.5
162.189	98.5
162.55	101.5
162.913	92.5
163.275	109.5
163.638	106.5
163.999	102.5
164.361	103.5
164.724	110.5
165.085	110.5
165.447	104.5
165.809	93.5
166.17	94.5
166.532	106.5
166.895	106.5
167.256	110.5
167.618	99.5
167.979	109.5
168.341	104.5
168.703	105.5
169.064	109.5
169.426	96.5
169.788	104.5
170.149	105.5
170.511	100.5
170.872	105.5
171.234	101.5
171.596	114.5
171.956	111.5
172.318	113.5
172.679	115.5
173.041	122.5
173.401	116.5
173.763	128.5
174.125	112.5
174.486	116.5
174.848	118.5
175.208	123.5
175.57	122.5
175.931	119.5
176.292	118.5
176.653	124.5
177.015	109.5
177.375	136.5
177.737	131.5
178.098	129.5
178.459	127.5
178.821	140.5
179.181	132.5
179.542	134.5
179.903	133.5
180.264	148.5
180.625	153.5
180.985	146.5
181.346	149.5
181.707	159.5
182.068	162.5
182.428	172.5
182.79	174.5
183.15	178.5
183.511	168.5
183.871	177.5
184.233	188.5
184.593	197.5
184.953	203.5
185.314	205.5
185.674	215.5
186.036	206.5
186.396	213.5
186.757	223.5
187.117	224.5
187.477	210.5
187.838	202.5
188.198	196.5
188.559	213.5
188.919	198.5
189.279	186.5
189.64	172.5
190	170.5
190.359	172.5
190.721	169.5
191.08	169.5
191.44	159.5
191.801	162.5
192.161	150.5
192.52	149.5
192.882	142.5
193.241	145.5
193.601	142.5
193.962	146.5
194.321	136.5
194.681	124.5
195.042	137.5
195.401	126.5
195.761	124.5
196.122	122.5
196.481	126.5
196.841	125.5
197.2	114.5
197.561	112.5
197.92	117.5
198.28	118.5
198.639	118.5
199	113.5
199.359	112.5
199.718	106.5
200.078	112.5
200.438	118.5
200.798	104.5
201.157	113.5
201.516	107.5
201.877	109.5
202.236	107.5
202.595	106.5
202.954	111.5
203.313	104.5
203.674	110.5
204.033	107.5
204.392	94.5
204.751	108.5
205.11	109.5
205.471	108.5
205.83	102.5
206.189	117.5
206.548	106.5
206.907	100.5
207.266	102.5
207.626	108.5
207.985	120.5
208.344	108.5
208.703	109.5
209.062	105.5
209.42	96.5
209.779	107.5
210.138	112.5
210.498	116.5
210.857	119.5
211.216	119.5
211.575	117.5
211.933	116.5
212.292	122.5
212.651	114.5
213.01	122.5
213.368	108.5
213.727	109.5
214.085	109.5
214.444	112.5
214.804	114.5
215.163	119.5
215.521	112.5
215.88	115.5
216.238	102.5
216.597	108.5
216.955	108.5
217.314	103.5
217.672	115.5
218.031	110.5
218.389	117.5
218.748	114.5
219.106	126.5
219.464	116.5
219.823	111.5
220.181	122.5
220.539	124.5
220.898	111.5
221.256	122.5
221.614	113.5
221.973	122.5
222.331	123.5
222.689	127.5
223.047	117.5
223.405	113.5
223.762	119.5
224.12	118.5
224.479	126.5
224.837	127.5
225.195	124.5
225.553	128.5
225.911	124.5
226.269	133.5
226.627	139.5
226.985	137.5
227.343	134.5
227.701	141.5
228.058	143.5
228.416	157.5
228.773	146.5
229.131	156.5
229.489	151.5
229.847	160.5
230.205	157.5
230.563	153.5
230.919	178.5
231.277	156.5
231.635	163.5
231.993	166.5
232.351	187.5
232.708	189.5
233.065	191.5
233.422	180.5
233.78	178.5
234.138	208.5
234.495	188.5
234.852	199.5
235.209	215.5
235.567	223.5
235.925	209.5
236.282	228.5
236.638	248.5
236.996	239.5
237.353	241.5
237.711	235.5
238.067	244.5
238.425	247.5
238.782	233.5
239.139	240.5
239.495	251.5
239.853	230.5
240.21	244.5
240.568	241.5
240.924	246.5
241.281	256.5
241.638	254.5
241.996	227.5
242.352	213.5
242.709	221.5
243.066	219.5
243.422	201.5
243.779	206.5
244.136	219.5
244.492	194.5
244.849	195.5
245.207	181.5
245.562	186.5
245.919	188.5
246.277	168.5
246.632	178.5
246.989	168.5
247.346	159.5
247.702	161.5
248.059	167.5
248.416	159.5
248.772	175.5
249.129	159.5
249.484	150.5
249.841	154.5
250.198	154.5
250.554	165.5
250.911	141.5
251.266	156.5
251.623	164.5
251.98	154.5
252.335	167.5
252.692	144.5
253.047	144.5
253.404	150.5
253.76	152.5
254.116	159.5
254.473	160.5
254.828	154.5
255.185	148.5
255.54	147.5
255.897	161.5
256.252	151.5
256.609	153.5
256.964	133.5
257.321	150.5
257.676	150.5
258.032	156.5
258.388	148.5
258.744	152.5
259.099	153.5
259.456	159.5
259.811	156.5
260.167	143.5
260.522	151.5
260.879	130.5
261.234	145.5
261.59	138.5
261.945	132.5
262.301	140.5
262.656	140.5
263.011	137.5
263.368	132.5
263.723	140.5
264.079	146.5
264.434	133.5
264.79	140.5
265.145	138.5
265.5	136.5
265.856	138.5
266.211	124.5
266.567	132.5
266.921	140.5
267.276	142.5
267.632	131.5
267.987	112.5
268.342	131.5
268.698	132.5
269.052	126.5
269.408	129.5
269.763	127.5
270.118	118.5
270.474	116.5
270.828	116.5
271.183	125.5
271.539	118.5
271.893	120.5
272.248	115.5
272.604	129.5
272.958	132.5
273.312	130.5
273.667	116.5
274.023	129.5
274.377	117.5
274.731	123.5
275.087	121.5
275.442	132.5
275.796	116.5
276.15	123.5
276.506	124.5
276.86	114.5
277.214	124.5
277.569	123.5
277.924	118.5
278.279	113.5
278.633	118.5
278.987	118.5
279.342	120.5
279.697	132.5
280.051	121.5
280.405	125.5
280.759	111.5
281.114	118.5
281.469	115.5
281.823	110.5
282.177	120.5
282.531	106.5
282.886	123.5
283.24	131.5
283.594	119.5
283.948	126.5
284.302	129.5
284.656	136.5
285.011	135.5
285.365	143.5
285.719	130.5
286.073	132.5
286.427	137.5
286.78	152.5
287.134	130.5
287.489	153.5
287.843	134.5
288.197	147.5
288.551	135.5
288.904	138.5
289.258	156.5
289.612	161.5
289.965	144.5
290.319	166.5
290.673	162.5
291.026	176.5
291.381	172.5
291.735	164.5
292.088	170.5
292.442	185.5
292.795	202.5
293.149	175.5
293.503	179.5
293.856	195.5
294.209	196.5
294.563	211.5
294.916	184.5
295.27	195.5
295.623	213.5
295.977	200.5
296.33	228.5
296.683	225.5
297.037	242.5
297.39	212.5
297.743	233.5
298.097	228.5
298.45	232.5
298.803	213.5
299.156	247.5
299.51	244.5
299.863	254.5
300.216	256.5
300.569	276.5
300.922	274.5
301.275	283.5
301.627	292.5
301.98	316.5
302.333	291.5
302.686	346.5
303.039	348.5
303.392	366.5
303.746	396.5
304.099	401.5
304.452	428.5
304.804	439.5
305.156	456.5
305.509	521.5
305.862	592.5
306.215	592.5
306.568	632.5
306.921	709.5
307.273	742.5
307.626	847.5
307.978	908.5
308.331	951.5
308.683	1099.5
309.036	1227.5
309.389	1344.5
309.742	1409.5
310.093	1580.5
310.446	1724.5
310.798	1815.5
311.151	1852.5
311.504	1879.5
311.855	1839.5
312.208	1901.5
312.56	1737.5
312.913	1627.5
313.265	1526.5
313.617	1397.5
313.969	1270.5
314.322	1232.5
314.674	1119.5
315.025	1022.5
315.378	995.5
315.73	925.5
316.083	889.5
316.434	830.5
316.786	793.5
317.138	762.5
317.489	706.5
317.842	706.5
318.194	663.5
318.547	597.5
318.897	566.5
319.25	527.5
319.602	487.5
319.953	465.5
320.305	459.5
320.657	414.5
321.008	404.5
321.36	369.5
321.713	374.5
322.063	329.5
322.416	316.5
322.768	328.5
323.118	293.5
323.471	285.5
323.823	264.5
324.173	268.5
324.525	253.5
324.876	247.5
325.228	260.5
325.58	241.5
325.931	231.5
326.283	222.5
326.633	217.5
326.985	219.5
327.337	201.5
327.688	205.5
328.039	204.5
328.39	206.5
328.742	197.5
329.094	190.5
329.444	172.5
329.796	184.5
330.146	168.5
330.498	173.5
330.848	178.5
331.2	174.5
331.551	163.5
331.902	151.5
332.253	166.5
332.604	164.5
332.954	163.5
333.306	155.5
333.656	150.5
334.008	162.5
334.358	158.5
334.71	157.5
335.06	142.5
335.411	145.5
335.762	151.5
336.113	156.5
