39.5698	148.5
39.941	129.5
40.3108	126.5
40.6805	137.5
41.0503	134.5
41.42	134.5
41.7897	117.5
42.1593	111.5
42.529	111.5
42.9001	130.5
43.2697	116.5
43.6393	114.5
44.0089	127.5
44.3784	131.5
44.748	128.5
45.1175	125.5
45.487	128.5
45.8565	114.5
46.226	128.5
46.5955	111.5
46.9649	125.5
47.3343	124.5
47.7052	115.5
48.0746	129.5
48.4439	127.5
48.8133	141.5
49.1826	190.5
49.5519	162.5
49.9212	136.5
50.2905	120.5
50.6598	135.5
51.029	134.5
51.3982	130.5
51.7675	145.5
52.1366	155.5
52.5058	189.5
52.875	207.5
53.2441	276.5
53.6132	422.5
53.9823	607.5
54.3514	661.5
54.7205	555.5
55.0895	422.5
55.4586	399.5
55.8276	474.5
56.1966	553.5
56.5641	426.5
56.9331	264.5
57.302	211.5
57.671	228.5
58.0399	191.5
58.4088	184.5
58.7776	148.5
59.1465	171.5
59.5153	183.5
59.8841	230.5
60.2529	260.5
60.6217	255.5
60.9905	240.5
61.3578	254.5
61.7265	285.5
62.0953	342.5
62.464	437.5
62.8326	553.5
63.2013	801.5
63.5699	1022.5
63.9386	1051.5
64.3057	914.5
64.6743	654.5
65.0429	550.5
65.4114	405.5
65.78	332.5
66.1485	274.5
66.517	222.5
66.884	192.5
67.2525	175.5
67.621	149.5
67.9894	161.5
68.3578	145.5
68.7248	146.5
69.0931	142.5
69.4615	131.5
69.8299	135.5
70.1982	121.5
70.565	127.5
70.9333	120.5
71.3016	124.5
71.6699	128.5
72.0381	125.5
72.4049	135.5
72.7731	143.5
73.1413	145.5
73.5094	193.5
73.8762	250.5
74.2443	285.5
74.6124	316.5
74.9805	286.5
75.3471	228.5
75.7152	188.5
76.0832	154.5
76.4513	149.5
76.8178	129.5
77.1858	116.5
77.5538	112.5
77.9203	113.5
78.2883	112.5
78.6562	117.5
79.0241	107.5
79.3905	125.5
79.7584	104.5
80.1262	109.5
80.4926	103.5
80.8605	121.5
81.2282	103.5
81.5946	118.5
81.9624	108.5
82.3301	105.5
82.6964	108.5
83.0641	114.5
83.4318	110.5
83.798	108.5
84.1657	100.5
84.5319	110.5
84.8995	109.5
85.2671	105.5
85.6333	103.5
86.0008	105.5
86.3684	111.5
86.7345	118.5
87.102	122.5
87.468	116.5
87.8355	103.5
88.2016	111.5
88.569	108.5
88.9364	103.5
89.3024	122.5
89.6698	116.5
90.0357	118.5
90.4031	112.5
90.769	116.5
91.1363	116.5
91.5036	111.5
91.8695	110.5
92.2368	123.5
92.6026	103.5
92.9698	107.5
93.3356	107.5
93.7028	110.5
94.0685	114.5
94.4357	117.5
94.8014	113.5
95.1685	121.5
95.5342	110.5
95.9013	128.5
96.267	122.5
96.634	130.5
96.9996	109.5
97.3666	116.5
97.7322	137.5
98.0992	223.5
98.4647	197.5
98.8317	170.5
99.1972	115.5
99.5641	118.5
99.9296	104.5
100.296	103.5
100.662	117.5
101.027	113.5
101.394	123.5
101.76	117.5
102.126	112.5
102.492	111.5
102.858	120.5
103.224	126.5
103.589	117.5
103.956	127.5
104.321	111.5
104.688	117.5
105.053	117.5
105.418	122.5
105.785	114.5
106.15	118.5
106.515	115.5
106.882	102.5
107.247	123.5
107.613	109.5
107.978	115.5
108.343	111.5
108.71	109.5
109.075	114.5
109.44	112.5
109.806	122.5
110.171	133.5
110.536	120.5
110.903	113.5
111.268	117.5
111.633	106.5
111.999	104.5
112.364	113.5
112.729	113.5
113.093	100.5
113.46	99.5
113.825	101.5
114.189	108.5
114.555	108.5
114.92	102.5
115.285	108.5
115.65	107.5
116.016	109.5
116.381	100.5
116.745	95.5
117.11	102.5
117.476	103.5
117.841	101.5
118.205	102.5
118.57	110.5
118.936	108.5
119.3	100.5
119.665	105.5
120.029	108.5
120.394	102.5
120.76	108.5
121.124	109.5
121.489	100.5
121.853	96.5
122.217	107.5
122.583	99.5
122.948	100.5
123.312	95.5
123.676	109.5
124.041	109.5
124.406	109.5
124.771	102.5
125.135	105.5
125.499	105.5
125.863	96.5
126.228	102.5
126.592	105.5
126.957	101.5
127.322	99.5
127.686	96.5
128.05	102.5
128.414	107.5
128.778	104.5
129.142	106.5
129.506	102.5
129.87	95.5
130.236	103.5
130.6	102.5
130.964	105.5
131.328	97.5
131.692	108.5
132.056	99.5
132.419	103.5
132.783	100.5
133.147	103.5
133.511	106.5
133.875	111.5
134.239	117.5
134.603	104.5
134.966	107.5
135.33	108.5
135.694	109.5
136.058	106.5
136.421	111.5
136.785	105.5
137.149	107.5
137.514	102.5
137.878	111.5
138.241	109.5
138.603	103.5
138.967	109.5
139.331	106.5
139.694	115.5
140.058	108.5
140.421	102.5
140.785	108.5
141.148	115.5
141.512	100.5
141.875	99.5
142.239	103.5
142.602	108.5
142.966	108.5
143.329	96.5
143.692	102.5
144.056	105.5
144.419	104.5
144.782	113.5
145.146	109.5
145.509	107.5
145.871	110.5
146.234	99.5
146.597	101.5
146.961	101.5
147.324	107.5
147.687	111.5
148.05	93.5
148.413	118.5
148.777	101.5
149.138	97.5
149.501	112.5
149.864	106.5
150.228	101.5
150.591	109.5
150.954	96.5
151.317	106.5
151.678	113.5
152.041	114.5
152.404	108.5
152.767	107.5
153.13	110.5
153.492	106.5
153.854	113.5
154.217	116.5
154.58	115.5
154.943	132.5
155.304	137.5
155.667	136.5
156.03	160.5
156.393	175.5
156.756	195.5
157.117	205.5
157.48	200.5
157.842	204.5
158.205	179.5
158.566	170.5
158.929	153.5
159.292	126.5
159.654	130.5
160.015	127.5
160.378	127.5
160.741	112.5
161.103	117.5
161.464	110.5
161.827	106.5
162.189	103.5
162.55	107.5
162.913	117.5
163.275	110.5
163.638	122.5
163.999	112.5
164.361	110.5
164.724	108.5
165.085	107.5
165.447	107.5
165.809	100.5
166.17	100.5
166.532	106.5
166.895	99.5
167.256	112.5
167.618	107.5
167.979	105.5
168.341	101.5
168.703	114.5
169.064	111.5
169.426	106.5
169.788	102.5
170.149	102.5
170.511	104.5
170.872	115.5
171.234	112.5
171.596	118.5
171.956	103.5
172.318	108.5
172.679	109.5
173.041	107.5
173.401	111.5
173.763	107.5
174.125	109.5
174.486	123.5
174.848	106.5
175.208	111.5
175.57	121.5
175.931	114.5
176.292	111.5
176.653	111.5
177.015	111.5
177.375	115.5
177.737	107.5
178.098	113.5
178.459	114.5
178.821	104.5
179.181	119.5
179.542	118.5
179.903	111.5
180.264	122.5
180.625	126.5
180.985	118.5
181.346	130.5
181.707	122.5
182.068	122.5
182.428	126.5
182.79	134.5
183.15	130.5
183.511	118.5
183.871	128.5
184.233	141.5
184.593	125.5
184.953	129.5
185.314	140.5
185.674	136.5
186.036	126.5
186.396	139.5
186.757	145.5
187.117	130.5
187.477	133.5
187.838	128.5
188.198	149.5
188.559	125.5
188.919	140.5
189.279	125.5
189.64	130.5
190	123.5
190.359	132.5
190.721	127.5
191.08	131.5
191.44	121.5
191.801	128.5
192.161	127.5
192.52	129.5
192.882	117.5
193.241	124.5
193.601	116.5
193.962	120.5
194.321	122.5
194.681	119.5
195.042	127.5
195.401	119.5
195.761	122.5
196.122	115.5
196.481	101.5
196.841	124.5
197.2	109.5
197.561	115.5
197.92	118.5
198.28	116.5
198.639	121.5
199	121.5
199.359	110.5
199.718	118.5
200.078	102.5
200.438	103.5
200.798	118.5
201.157	112.5
201.516	118.5
201.877	107.5
202.236	108.5
202.595	112.5
202.954	109.5
203.313	108.5
203.674	115.5
204.033	117.5
204.392	109.5
204.751	116.5
205.11	101.5
205.471	112.5
205.83	109.5
206.189	112.5
206.548	109.5
206.907	112.5
207.266	123.5
207.626	117.5
207.985	114.5
208.344	121.5
208.703	121.5
209.062	111.5
209.42	119.5
209.779	123.5
210.138	117.5
210.498	117.5
210.857	123.5
211.216	133.5
211.575	127.5
211.933	129.5
212.292	128.5
212.651	122.5
213.01	132.5
213.368	125.5
213.727	124.5
214.085	115.5
214.444	128.5
214.804	120.5
215.163	112.5
215.521	119.5
215.88	124.5
216.238	118.5
216.597	109.5
216.955	117.5
217.314	115.5
217.672	114.5
218.031	110.5
218.389	120.5
218.748	110.5
219.106	115.5
219.464	115.5
219.823	109.5
220.181	106.5
220.539	113.5
220.898	120.5
221.256	103.5
221.614	125.5
221.973	109.5
222.331	112.5
222.689	108.5
223.047	113.5
223.405	126.5
223.762	117.5
224.12	127.5
224.479	128.5
224.837	123.5
225.195	120.5
225.553	132.5
225.911	123.5
226.269	119.5
226.627	130.5
226.985	135.5
227.343	129.5
227.701	137.5
228.058	132.5
228.416	135.5
228.773	130.5
229.131	130.5
229.489	130.5
229.847	148.5
230.205	142.5
230.563	134.5
230.919	146.5
231.277	175.5
231.635	149.5
231.993	143.5
232.351	167.5
232.708	161.5
233.065	167.5
233.422	160.5
233.78	169.5
234.138	167.5
234.495	184.5
234.852	182.5
235.209	186.5
235.567	188.5
235.925	201.5
236.282	202.5
236.638	219.5
236.996	187.5
237.353	208.5
237.711	211.5
238.067	207.5
238.425	202.5
238.782	236.5
239.139	214.5
239.495	217.5
239.853	228.5
240.21	213.5
240.568	215.5
240.924	223.5
241.281	218.5
241.638	205.5
241.996	211.5
242.352	237.5
242.709	214.5
243.066	207.5
243.422	199.5
243.779	177.5
244.136	189.5
244.492	180.5
244.849	187.5
245.207	177.5
245.562	179.5
245.919	180.5
246.277	175.5
246.632	171.5
246.989	154.5
247.346	160.5
247.702	163.5
248.059	177.5
248.416	160.5
248.772	173.5
249.129	141.5
249.484	154.5
249.841	162.5
250.198	153.5
250.554	163.5
250.911	166.5
251.266	153.5
251.623	148.5
251.98	166.5
252.335	155.5
252.692	170.5
253.047	154.5
253.404	157.5
253.76	160.5
254.116	169.5
254.473	161.5
254.828	152.5
255.185	151.5
255.54	165.5
255.897	163.5
256.252	168.5
256.609	161.5
256.964	161.5
257.321	155.5
257.676	168.5
258.032	151.5
258.388	148.5
258.744	157.5
259.099	144.5
259.456	159.5
259.811	151.5
260.167	157.5
260.522	148.5
260.879	144.5
261.234	156.5
261.59	146.5
261.945	147.5
262.301	151.5
262.656	162.5
263.011	147.5
263.368	160.5
263.723	149.5
264.079	151.5
264.434	149.5
264.79	147.5
265.145	145.5
265.5	147.5
265.856	147.5
266.211	150.5
266.567	153.5
266.921	140.5
267.276	134.5
267.632	143.5
267.987	147.5
268.342	148.5
268.698	138.5
269.052	137.5
269.408	129.5
269.763	138.5
270.118	122.5
270.474	141.5
270.828	126.5
271.183	129.5
271.539	128.5
271.893	137.5
272.248	123.5
272.604	121.5
272.958	127.5
273.312	136.5
273.667	135.5
274.023	128.5
274.377	118.5
274.731	126.5
275.087	122.5
275.442	119.5
275.796	130.5
276.15	123.5
276.506	110.5
276.86	127.5
277.214	129.5
277.569	129.5
277.924	124.5
278.279	127.5
278.633	122.5
278.987	126.5
279.342	111.5
279.697	115.5
280.051	125.5
280.405	117.5
280.759	125.5
281.114	117.5
281.469	129.5
281.823	109.5
282.177	120.5
282.531	117.5
282.886	133.5
283.24	106.5
283.594	116.5
283.948	136.5
284.302	116.5
284.656	119.5
285.011	120.5
285.365	122.5
285.719	126.5
286.073	117.5
286.427	123.5
286.78	125.5
287.134	128.5
287.489	127.5
287.843	130.5
288.197	138.5
288.551	130.5
288.904	137.5
289.258	130.5
289.612	129.5
289.965	131.5
290.319	141.5
290.673	139.5
291.026	138.5
291.381	144.5
291.735	154.5
292.088	150.5
292.442	144.5
292.795	147.5
293.149	164.5
293.503	136.5
293.856	153.5
294.209	165.5
294.563	159.5
294.916	156.5
295.27	165.5
295.623	178.5
295.977	176.5
296.33	180.5
296.683	178.5
297.037	175.5
297.39	180.5
297.743	197.5
298.097	193.5
298.45	189.5
298.803	205.5
299.156	189.5
299.51	192.5
299.863	216.5
300.216	211.5
300.569	212.5
300.922	235.5
301.275	225.5
301.627	238.5
301.98	220.5
302.333	246.5
302.686	258.5
303.039	263.5
303.392	257.5
303.746	260.5
304.099	301.5
304.452	298.5
304.804	315.5
305.156	354.5
305.509	337.5
305.862	371.5
306.215	391.5
306.568	424.5
306.921	439.5
307.273	494.5
307.626	530.5
307.978	558.5
308.331	622.5
308.683	704.5
309.036	746.5
309.389	851.5
309.742	903.5
310.093	989.5
310.446	1049.5
310.798	1121.5
311.151	1096.5
311.504	1265.5
311.855	1296.5
312.208	1280.5
312.56	1213.5
312.913	1206.5
313.265	1101.5
313.617	1027.5
313.969	949.5
314.322	885.5
314.674	801.5
315.025	814.5
315.378	752.5
315.73	746.5
316.083	682.5
316.434	676.5
316.786	667.5
317.138	710.5
317.489	658.5
317.842	143.5
318.194	563.5
318.547	545.5
318.897	515.5
319.25	467.5
319.602	447.5
319.953	430.5
320.305	413.5
320.657	373.5
321.008	361.5
321.36	354.5
321.713	326.5
322.063	294.5
322.416	287.5
322.768	269.5
323.118	275.5
323.471	270.5
323.823	226.5
324.173	242.5
324.525	219.5
324.876	233.5
325.228	214.5
325.58	204.5
325.931	208.5
326.283	206.5
326.633	206.5
326.985	202.5
327.337	196.5
327.688	186.5
328.039	184.5
328.39	184.5
328.742	177.5
329.094	175.5
329.444	164.5
329.796	167.5
330.146	155.5
330.498	157.5
330.848	168.5
331.2	158.5
331.551	151.5
331.902	155.5
332.253	162.5
332.604	156.5
332.954	148.5
333.306	151.5
333.656	133.5
334.008	159.5
334.358	147.5
334.71	155.5
335.06	148.5
335.411	146.5
335.762	154.5
336.113	157.5
