39.5698	125.5
39.941	115.5
40.3108	119.5
40.6805	123.5
41.0503	95.5
41.42	113.5
41.7897	101.5
42.1593	96.5
42.529	111.5
42.9001	112.5
43.2697	110.5
43.6393	106.5
44.0089	107.5
44.3784	118.5
44.748	118.5
45.1175	110.5
45.487	113.5
45.8565	113.5
46.226	108.5
46.5955	112.5
46.9649	112.5
47.3343	110.5
47.7052	112.5
48.0746	121.5
48.4439	116.5
48.8133	145.5
49.1826	171.5
49.5519	149.5
49.9212	124.5
50.2905	118.5
50.6598	122.5
51.029	125.5
51.3982	117.5
51.7675	134.5
52.1366	130.5
52.5058	154.5
52.875	148.5
53.2441	187.5
53.6132	263.5
53.9823	341.5
54.3514	344.5
54.7205	274.5
55.0895	248.5
55.4586	288.5
55.8276	416.5
56.1966	477.5
56.5641	333.5
56.9331	208.5
57.302	171.5
57.671	193.5
58.0399	190.5
58.4088	171.5
58.7776	171.5
59.1465	209.5
59.5153	273.5
59.8841	372.5
60.2529	435.5
60.6217	372.5
60.9905	330.5
61.3578	323.5
61.7265	312.5
62.0953	403.5
62.464	492.5
62.8326	729.5
63.2013	975.5
63.5699	1176.5
63.9386	1209.5
64.3057	1040.5
64.6743	777.5
65.0429	631.5
65.4114	495.5
65.78	481.5
66.1485	366.5
66.517	296.5
66.884	231.5
67.2525	202.5
67.621	165.5
67.9894	162.5
68.3578	134.5
68.7248	136.5
69.0931	136.5
69.4615	119.5
69.8299	126.5
70.1982	120.5
70.565	106.5
70.9333	125.5
71.3016	124.5
71.6699	123.5
72.0381	119.5
72.4049	140.5
72.7731	160.5
73.1413	163.5
73.5094	217.5
73.8762	268.5
74.2443	336.5
74.6124	372.5
74.9805	335.5
75.3471	256.5
75.7152	186.5
76.0832	136.5
76.4513	147.5
76.8178	126.5
77.1858	109.5
77.5538	109.5
77.9203	111.5
78.2883	101.5
78.6562	110.5
79.0241	101.5
79.3905	106.5
79.7584	105.5
80.1262	106.5
80.4926	93.5
80.8605	103.5
81.2282	103.5
81.5946	101.5
81.9624	93.5
82.3301	95.5
82.6964	99.5
83.0641	99.5
83.4318	95.5
83.798	100.5
84.1657	103.5
84.5319	99.5
84.8995	96.5
85.2671	97.5
85.6333	94.5
86.0008	96.5
86.3684	103.5
86.7345	105.5
87.102	110.5
87.468	102.5
87.8355	99.5
88.2016	95.5
88.569	94.5
88.9364	98.5
89.3024	97.5
89.6698	109.5
90.0357	118.5
90.4031	121.5
90.769	136.5
91.1363	114.5
91.5036	124.5
91.8695	94.5
92.2368	95.5
92.6026	108.5
92.9698	105.5
93.3356	100.5
93.7028	95.5
94.0685	95.5
94.4357	89.5
94.8014	105.5
95.1685	94.5
95.5342	99.5
95.9013	107.5
96.267	106.5
96.634	96.5
96.9996	108.5
97.3666	103.5
97.7322	139.5
98.0992	198.5
98.4647	164.5
98.8317	129.5
99.1972	91.5
99.5641	105.5
99.9296	96.5
100.296	96.5
100.662	101.5
101.027	100.5
101.394	94.5
101.76	104.5
102.126	98.5
102.492	95.5
102.858	110.5
103.224	106.5
103.589	107.5
103.956	99.5
104.321	101.5
104.688	99.5
105.053	103.5
105.418	100.5
105.785	93.5
106.15	97.5
106.515	100.5
106.882	91.5
107.247	91.5
107.613	96.5
107.978	99.5
108.343	92.5
108.71	97.5
109.075	98.5
109.44	105.5
109.806	102.5
110.171	104.5
110.536	99.5
110.903	98.5
111.268	101.5
111.633	102.5
111.999	97.5
112.364	89.5
112.729	100.5
113.093	94.5
113.46	84.5
113.825	89.5
114.189	96.5
114.555	96.5
114.92	90.5
115.285	93.5
115.65	91.5
116.016	92.5
116.381	88.5
116.745	86.5
117.11	82.5
117.476	93.5
117.841	90.5
118.205	90.5
118.57	90.5
118.936	99.5
119.3	85.5
119.665	91.5
120.029	86.5
120.394	100.5
120.76	96.5
121.124	96.5
121.489	102.5
121.853	87.5
122.217	85.5
122.583	84.5
122.948	91.5
123.312	90.5
123.676	83.5
124.041	93.5
124.406	86.5
124.771	79.5
125.135	96.5
125.499	88.5
125.863	88.5
126.228	85.5
126.592	96.5
126.957	90.5
127.322	91.5
127.686	89.5
128.05	94.5
128.414	85.5
128.778	92.5
129.142	97.5
129.506	93.5
129.87	87.5
130.236	102.5
130.6	91.5
130.964	86.5
131.328	90.5
131.692	87.5
132.056	91.5
132.419	96.5
132.783	93.5
133.147	97.5
133.511	97.5
133.875	87.5
134.239	103.5
134.603	92.5
134.966	90.5
135.33	90.5
135.694	108.5
136.058	91.5
136.421	103.5
136.785	94.5
137.149	94.5
137.514	93.5
137.878	101.5
138.241	93.5
138.603	100.5
138.967	85.5
139.331	91.5
139.694	94.5
140.058	92.5
140.421	97.5
140.785	91.5
141.148	96.5
141.512	87.5
141.875	88.5
142.239	87.5
142.602	92.5
142.966	89.5
143.329	96.5
143.692	85.5
144.056	97.5
144.419	83.5
144.782	99.5
145.146	88.5
145.509	89.5
145.871	90.5
146.234	95.5
146.597	94.5
146.961	87.5
147.324	96.5
147.687	97.5
148.05	97.5
148.413	88.5
148.777	99.5
149.138	98.5
149.501	94.5
149.864	91.5
150.228	84.5
150.591	98.5
150.954	97.5
151.317	90.5
151.678	95.5
152.041	95.5
152.404	89.5
152.767	102.5
153.13	96.5
153.492	89.5
153.854	95.5
154.217	99.5
154.58	104.5
154.943	103.5
155.304	97.5
155.667	99.5
156.03	116.5
156.393	117.5
156.756	119.5
157.117	126.5
157.48	126.5
157.842	128.5
158.205	118.5
158.566	113.5
158.929	107.5
159.292	102.5
159.654	98.5
160.015	102.5
160.378	104.5
160.741	98.5
161.103	93.5
161.464	102.5
161.827	97.5
162.189	98.5
162.55	100.5
162.913	94.5
163.275	94.5
163.638	101.5
163.999	103.5
164.361	93.5
164.724	97.5
165.085	95.5
165.447	88.5
165.809	92.5
166.17	94.5
166.532	97.5
166.895	102.5
167.256	94.5
167.618	88.5
167.979	98.5
168.341	94.5
168.703	101.5
169.064	94.5
169.426	95.5
169.788	104.5
170.149	95.5
170.511	94.5
170.872	95.5
171.234	107.5
171.596	103.5
171.956	98.5
172.318	99.5
172.679	95.5
173.041	95.5
173.401	103.5
173.763	100.5
174.125	105.5
174.486	105.5
174.848	97.5
175.208	105.5
175.57	105.5
175.931	110.5
176.292	100.5
176.653	107.5
177.015	105.5
177.375	110.5
177.737	102.5
178.098	98.5
178.459	111.5
178.821	106.5
179.181	103.5
179.542	105.5
179.903	106.5
180.264	111.5
180.625	108.5
180.985	113.5
181.346	119.5
181.707	116.5
182.068	110.5
182.428	115.5
182.79	114.5
183.15	128.5
183.511	121.5
183.871	125.5
184.233	120.5
184.593	139.5
184.953	128.5
185.314	138.5
185.674	142.5
186.036	135.5
186.396	148.5
186.757	141.5
187.117	136.5
187.477	149.5
187.838	136.5
188.198	140.5
188.559	132.5
188.919	144.5
189.279	135.5
189.64	133.5
190	130.5
190.359	122.5
190.721	118.5
191.08	122.5
191.44	121.5
191.801	120.5
192.161	119.5
192.52	104.5
192.882	125.5
193.241	122.5
193.601	105.5
193.962	112.5
194.321	103.5
194.681	105.5
195.042	116.5
195.401	106.5
195.761	107.5
196.122	103.5
196.481	107.5
196.841	123.5
197.2	101.5
197.561	102.5
197.92	104.5
198.28	99.5
198.639	110.5
199	106.5
199.359	106.5
199.718	102.5
200.078	102.5
200.438	98.5
200.798	100.5
201.157	107.5
201.516	103.5
201.877	107.5
202.236	114.5
202.595	100.5
202.954	103.5
203.313	97.5
203.674	100.5
204.033	100.5
204.392	96.5
204.751	115.5
205.11	106.5
205.471	105.5
205.83	99.5
206.189	105.5
206.548	96.5
206.907	105.5
207.266	105.5
207.626	97.5
207.985	108.5
208.344	117.5
208.703	105.5
209.062	105.5
209.42	110.5
209.779	115.5
210.138	117.5
210.498	109.5
210.857	130.5
211.216	122.5
211.575	116.5
211.933	121.5
212.292	117.5
212.651	119.5
213.01	117.5
213.368	117.5
213.727	115.5
214.085	108.5
214.444	112.5
214.804	107.5
215.163	109.5
215.521	105.5
215.88	116.5
216.238	109.5
216.597	111.5
216.955	101.5
217.314	105.5
217.672	104.5
218.031	103.5
218.389	100.5
218.748	92.5
219.106	94.5
219.464	96.5
219.823	99.5
220.181	101.5
220.539	100.5
220.898	110.5
221.256	99.5
221.614	97.5
221.973	105.5
222.331	92.5
222.689	101.5
223.047	98.5
223.405	101.5
223.762	95.5
224.12	106.5
224.479	103.5
224.837	101.5
225.195	98.5
225.553	100.5
225.911	98.5
226.269	100.5
226.627	101.5
226.985	110.5
227.343	101.5
227.701	99.5
228.058	106.5
228.416	101.5
228.773	102.5
229.131	120.5
229.489	115.5
229.847	102.5
230.205	109.5
230.563	115.5
230.919	125.5
231.277	116.5
231.635	117.5
231.993	118.5
232.351	119.5
232.708	121.5
233.065	116.5
233.422	128.5
233.78	128.5
234.138	131.5
234.495	123.5
234.852	137.5
235.209	134.5
235.567	143.5
235.925	131.5
236.282	147.5
236.638	152.5
236.996	155.5
237.353	145.5
237.711	147.5
238.067	141.5
238.425	163.5
238.782	149.5
239.139	147.5
239.495	156.5
239.853	150.5
240.21	153.5
240.568	166.5
240.924	152.5
241.281	154.5
241.638	134.5
241.996	147.5
242.352	158.5
242.709	146.5
243.066	147.5
243.422	152.5
243.779	150.5
244.136	142.5
244.492	143.5
244.849	146.5
245.207	147.5
245.562	141.5
245.919	137.5
246.277	137.5
246.632	133.5
246.989	132.5
247.346	130.5
247.702	117.5
248.059	136.5
248.416	123.5
248.772	121.5
249.129	132.5
249.484	139.5
249.841	133.5
250.198	122.5
250.554	122.5
250.911	133.5
251.266	124.5
251.623	134.5
251.98	133.5
252.335	130.5
252.692	132.5
253.047	130.5
253.404	130.5
253.76	144.5
254.116	138.5
254.473	134.5
254.828	142.5
255.185	133.5
255.54	145.5
255.897	156.5
256.252	145.5
256.609	136.5
256.964	139.5
257.321	130.5
257.676	122.5
258.032	149.5
258.388	138.5
258.744	137.5
259.099	134.5
259.456	124.5
259.811	122.5
260.167	124.5
260.522	117.5
260.879	127.5
261.234	137.5
261.59	127.5
261.945	129.5
262.301	115.5
262.656	114.5
263.011	125.5
263.368	132.5
263.723	127.5
264.079	108.5
264.434	124.5
264.79	121.5
265.145	125.5
265.5	122.5
265.856	123.5
266.211	118.5
266.567	107.5
266.921	114.5
267.276	124.5
267.632	108.5
267.987	127.5
268.342	119.5
268.698	120.5
269.052	112.5
269.408	116.5
269.763	125.5
270.118	116.5
270.474	111.5
270.828	102.5
271.183	114.5
271.539	106.5
271.893	116.5
272.248	112.5
272.604	107.5
272.958	110.5
273.312	100.5
273.667	102.5
274.023	106.5
274.377	103.5
274.731	110.5
275.087	105.5
275.442	112.5
275.796	109.5
276.15	107.5
276.506	110.5
276.86	106.5
277.214	99.5
277.569	104.5
277.924	105.5
278.279	98.5
278.633	108.5
278.987	108.5
279.342	113.5
279.697	103.5
280.051	108.5
280.405	98.5
280.759	115.5
281.114	110.5
281.469	109.5
281.823	105.5
282.177	115.5
282.531	101.5
282.886	99.5
283.24	109.5
283.594	111.5
283.948	99.5
284.302	113.5
284.656	118.5
285.011	118.5
285.365	117.5
285.719	82.5
286.073	107.5
286.427	110.5
286.78	100.5
287.134	103.5
287.489	127.5
287.843	112.5
288.197	126.5
288.551	117.5
288.904	118.5
289.258	127.5
289.612	122.5
289.965	118.5
290.319	127.5
290.673	121.5
291.026	137.5
291.381	141.5
291.735	130.5
292.088	142.5
292.442	131.5
292.795	133.5
293.149	149.5
293.503	153.5
293.856	140.5
294.209	158.5
294.563	160.5
294.916	143.5
295.27	163.5
295.623	157.5
295.977	148.5
296.33	170.5
296.683	155.5
297.037	165.5
297.39	167.5
297.743	155.5
298.097	173.5
298.45	174.5
298.803	170.5
299.156	193.5
299.51	173.5
299.863	190.5
300.216	203.5
300.569	206.5
300.922	209.5
301.275	217.5
301.627	212.5
301.98	221.5
302.333	231.5
302.686	241.5
303.039	231.5
303.392	270.5
303.746	278.5
304.099	271.5
304.452	305.5
304.804	344.5
305.156	336.5
305.509	350.5
305.862	390.5
306.215	427.5
306.568	428.5
306.921	496.5
307.273	515.5
307.626	555.5
307.978	575.5
308.331	690.5
308.683	723.5
309.036	844.5
309.389	882.5
309.742	978.5
310.093	1095.5
310.446	1212.5
310.798	1293.5
311.151	1345.5
311.504	1383.5
311.855	1400.5
312.208	1356.5
312.56	1314.5
312.913	1202.5
313.265	1091.5
313.617	992.5
313.969	966.5
314.322	906.5
314.674	746.5
315.025	736.5
315.378	671.5
315.73	667.5
316.083	638.5
316.434	598.5
316.786	561.5
317.138	572.5
317.489	514.5
317.842	502.5
318.194	485.5
318.547	460.5
318.897	446.5
319.25	401.5
319.602	361.5
319.953	363.5
320.305	351.5
320.657	282.5
321.008	276.5
321.36	276.5
321.713	274.5
322.063	257.5
322.416	256.5
322.768	213.5
323.118	242.5
323.471	224.5
323.823	197.5
324.173	195.5
324.525	215.5
324.876	183.5
325.228	185.5
325.58	192.5
325.931	177.5
326.283	176.5
326.633	170.5
326.985	180.5
327.337	166.5
327.688	163.5
328.039	162.5
328.39	160.5
328.742	151.5
329.094	153.5
329.444	151.5
329.796	148.5
330.146	142.5
330.498	142.5
330.848	147.5
331.2	146.5
331.551	142.5
331.902	143.5
332.253	138.5
332.604	154.5
332.954	133.5
333.306	144.5
333.656	149.5
334.008	134.5
334.358	136.5
334.71	125.5
335.06	132.5
335.411	131.5
335.762	140.5
336.113	130.5
