39.5698	126
39.941	128
40.3108	129
40.6805	127
41.0503	116
41.42	120
41.7897	122
42.1593	114
42.529	116
42.9001	121
43.2697	117
43.6393	115
44.0089	126
44.3784	127
44.748	117
45.1175	123
45.487	115
45.8565	118
46.226	118
46.5955	112
46.9649	118
47.3343	118
47.7052	124
48.0746	121
48.4439	121
48.8133	139
49.1826	185
49.5519	158
49.9212	129
50.2905	119
50.6598	117
51.029	119
51.3982	122
51.7675	140
52.1366	128
52.5058	148
52.875	161
53.2441	188
53.6132	251
53.9823	306
54.3514	305
54.7205	255
55.0895	208
55.4586	208
55.8276	214
56.1966	203
56.5641	185
56.9331	167
57.302	179
57.671	201
58.0399	198
58.4088	201
58.7776	208
59.1465	254
59.5153	372
59.8841	490
60.2529	554
60.6217	483
60.9905	382
61.3578	371
61.7265	428
62.0953	548
62.464	684
62.8326	945
63.2013	1316
63.5699	1482
63.9386	1425
64.3057	1149
64.6743	857
65.0429	704
65.4114	648
65.78	539
66.1485	464
66.517	376
66.884	275
67.2525	218
67.621	184
67.9894	167
68.3578	175
68.7248	146
69.0931	144
69.4615	145
69.8299	132
70.1982	128
70.565	128
70.9333	137
71.3016	133
71.6699	133
72.0381	134
72.4049	147
72.7731	166
73.1413	185
73.5094	227
73.8762	276
74.2443	345
74.6124	302
74.9805	269
75.3471	214
75.7152	172
76.0832	137
76.4513	131
76.8178	113
77.1858	116
77.5538	112
77.9203	112
78.2883	115
78.6562	114
79.0241	112
79.3905	107
79.7584	104
80.1262	104
80.4926	107
80.8605	102
81.2282	106
81.5946	105
81.9624	108
82.3301	103
82.6964	103
83.0641	108
83.4318	108
83.798	107
84.1657	102
84.5319	108
84.8995	97
85.2671	107
85.6333	111
86.0008	121
86.3684	111
86.7345	123
87.102	108
87.468	108
87.8355	107
88.2016	115
88.569	108
88.9364	111
89.3024	119
89.6698	140
90.0357	148
90.4031	149
90.769	139
91.1363	130
91.5036	134
91.8695	114
92.2368	111
92.6026	101
92.9698	110
93.3356	107
93.7028	102
94.0685	106
94.4357	107
94.8014	104
95.1685	109
95.5342	119
95.9013	114
96.267	112
96.634	105
96.9996	114
97.3666	104
97.7322	132
98.0992	218
98.4647	197
98.8317	138
99.1972	114
99.5641	112
99.9296	115
100.296	107
100.662	116
101.027	104
101.394	109
101.76	103
102.126	112
102.492	118
102.858	112
103.224	116
103.589	109
103.956	113
104.321	99
104.688	108
105.053	104
105.418	106
105.785	102
106.15	107
106.515	103
106.882	113
107.247	105
107.613	106
107.978	113
108.343	106
108.71	115
109.075	119
109.44	113
109.806	118
110.171	112
110.536	122
110.903	114
111.268	117
111.633	110
111.999	112
112.364	108
112.729	110
113.093	100
113.46	99
113.825	109
114.189	97
114.555	100
114.92	103
115.285	103
115.65	101
116.016	103
116.381	103
116.745	96
117.11	111
117.476	107
117.841	102
118.205	98
118.57	94
118.936	100
119.3	101
119.665	95
120.029	103
120.394	102
120.76	103
121.124	102
121.489	108
121.853	107
122.217	102
122.583	95
122.948	100
123.312	94
123.676	99
124.041	105
124.406	103
124.771	93
125.135	98
125.499	91
125.863	100
126.228	96
126.592	104
126.957	94
127.322	106
127.686	104
128.05	96
128.414	101
128.778	95
129.142	97
129.506	106
129.87	105
130.236	99
130.6	101
130.964	109
131.328	108
131.692	112
132.056	96
132.419	103
132.783	107
133.147	109
133.511	103
133.875	98
134.239	102
134.603	100
134.966	98
135.33	104
135.694	96
136.058	101
136.421	116
136.785	100
137.149	116
137.514	103
137.878	105
138.241	100
138.603	111
138.967	101
139.331	110
139.694	102
140.058	101
140.421	103
140.785	92
141.148	92
141.512	103
141.875	103
142.239	100
142.602	99
142.966	107
143.329	93
143.692	98
144.056	102
144.419	99
144.782	97
145.146	110
145.509	92
145.871	93
146.234	105
146.597	110
146.961	93
147.324	99
147.687	95
148.05	102
148.413	93
148.777	106
149.138	99
149.501	93
149.864	99
150.228	100
150.591	108
150.954	109
151.317	101
151.678	98
152.041	100
152.404	114
152.767	110
153.13	107
153.492	110
153.854	107
154.217	109
154.58	106
154.943	113
155.304	128
155.667	122
156.03	133
156.393	127
156.756	152
157.117	157
157.48	157
157.842	161
158.205	132
158.566	143
158.929	130
159.292	119
159.654	116
160.015	118
160.378	114
160.741	110
161.103	116
161.464	111
161.827	112
162.189	98
162.55	102
162.913	102
163.275	106
163.638	98
163.999	104
164.361	102
164.724	108
165.085	113
165.447	106
165.809	101
166.17	106
166.532	106
166.895	111
167.256	108
167.618	102
167.979	109
168.341	105
168.703	107
169.064	112
169.426	104
169.788	97
170.149	116
170.511	113
170.872	126
171.234	118
171.596	115
171.956	113
172.318	113
172.679	110
173.041	112
173.401	114
173.763	126
174.125	126
174.486	120
174.848	122
175.208	124
175.57	126
175.931	127
176.292	115
176.653	126
177.015	130
177.375	124
177.737	136
178.098	136
178.459	133
178.821	149
179.181	148
179.542	156
179.903	141
180.264	133
180.625	146
180.985	133
181.346	154
181.707	164
182.068	178
182.428	169
182.79	168
183.15	183
183.511	199
183.871	204
184.233	202
184.593	211
184.953	208
185.314	220
185.674	235
186.036	217
186.396	217
186.757	237
187.117	257
187.477	229
187.838	235
188.198	230
188.559	219
188.919	220
189.279	209
189.64	206
190	207
190.359	182
190.721	182
191.08	175
191.44	176
191.801	171
192.161	154
192.52	162
192.882	143
193.241	136
193.601	141
193.962	136
194.321	140
194.681	126
195.042	138
195.401	130
195.761	133
196.122	128
196.481	127
196.841	128
197.2	120
197.561	127
197.92	118
198.28	122
198.639	119
199	130
199.359	119
199.718	121
200.078	115
200.438	123
200.798	115
201.157	114
201.516	107
201.877	101
202.236	115
202.595	113
202.954	109
203.313	101
203.674	111
204.033	112
204.392	111
204.751	113
205.11	112
205.471	110
205.83	102
206.189	113
206.548	112
206.907	108
207.266	109
207.626	113
207.985	112
208.344	104
208.703	112
209.062	94
209.42	114
209.779	100
210.138	104
210.498	114
210.857	118
211.216	116
211.575	104
211.933	118
212.292	115
212.651	108
213.01	108
213.368	112
213.727	106
214.085	113
214.444	105
214.804	107
215.163	115
215.521	112
215.88	111
216.238	112
216.597	121
216.955	122
217.314	111
217.672	116
218.031	114
218.389	119
218.748	121
219.106	126
219.464	121
219.823	125
220.181	115
220.539	125
220.898	118
221.256	128
221.614	130
221.973	122
222.331	141
222.689	117
223.047	129
223.405	131
223.762	129
224.12	138
224.479	138
224.837	140
225.195	132
225.553	139
225.911	141
226.269	141
226.627	154
226.985	159
227.343	156
227.701	153
228.058	154
228.416	174
228.773	166
229.131	164
229.489	162
229.847	176
230.205	162
230.563	186
230.919	184
231.277	189
231.635	195
231.993	199
232.351	213
232.708	209
233.065	200
233.422	217
233.78	220
234.138	223
234.495	220
234.852	234
235.209	242
235.567	243
235.925	238
236.282	251
236.638	251
236.996	273
237.353	273
237.711	259
238.067	245
238.425	256
238.782	282
239.139	278
239.495	257
239.853	259
240.21	267
240.568	282
240.924	263
241.281	278
241.638	265
241.996	237
242.352	248
242.709	239
243.066	254
243.422	221
243.779	231
244.136	210
244.492	204
244.849	211
245.207	210
245.562	206
245.919	197
246.277	194
246.632	193
246.989	194
247.346	183
247.702	175
248.059	181
248.416	179
248.772	174
249.129	166
249.484	160
249.841	180
250.198	157
250.554	176
250.911	153
251.266	160
251.623	159
251.98	153
252.335	159
252.692	151
253.047	157
253.404	154
253.76	152
254.116	156
254.473	161
254.828	148
255.185	150
255.54	148
255.897	152
256.252	149
256.609	158
256.964	141
257.321	150
257.676	162
258.032	138
258.388	153
258.744	159
259.099	142
259.456	147
259.811	146
260.167	150
260.522	146
260.879	148
261.234	140
261.59	135
261.945	128
262.301	146
262.656	146
263.011	137
263.368	143
263.723	137
264.079	139
264.434	145
264.79	137
265.145	146
265.5	147
265.856	147
266.211	137
266.567	138
266.921	123
267.276	132
267.632	121
267.987	139
268.342	138
268.698	124
269.052	132
269.408	125
269.763	121
270.118	122
270.474	136
270.828	118
271.183	123
271.539	135
271.893	129
272.248	123
272.604	138
272.958	122
273.312	128
273.667	127
274.023	123
274.377	116
274.731	124
275.087	127
275.442	125
275.796	125
276.15	118
276.506	124
276.86	122
277.214	113
277.569	128
277.924	115
278.279	117
278.633	120
278.987	114
279.342	129
279.697	122
280.051	127
280.405	117
280.759	120
281.114	126
281.469	127
281.823	124
282.177	121
282.531	111
282.886	123
283.24	124
283.594	126
283.948	122
284.302	125
284.656	143
285.011	134
285.365	140
285.719	142
286.073	141
286.427	150
286.78	142
287.134	142
287.489	151
287.843	145
288.197	151
288.551	137
288.904	156
289.258	158
289.612	170
289.965	170
290.319	172
290.673	156
291.026	164
291.381	180
291.735	180
292.088	188
292.442	192
292.795	183
293.149	193
293.503	217
293.856	206
294.209	193
294.563	220
294.916	232
295.27	226
295.623	211
295.977	213
296.33	231
296.683	226
297.037	228
297.39	246
297.743	226
298.097	243
298.45	245
298.803	262
299.156	255
299.51	263
299.863	248
300.216	277
300.569	275
300.922	298
301.275	287
301.627	314
301.98	296
302.333	327
302.686	329
303.039	376
303.392	368
303.746	420
304.099	416
304.452	454
304.804	447
305.156	483
305.509	504
305.862	585
306.215	655
306.568	680
306.921	667
307.273	754
307.626	848
307.978	948
308.331	1066
308.683	1124
309.036	1252
309.389	1385
309.742	1497
310.093	1593
310.446	1742
310.798	1843
311.151	1796
311.504	1944
311.855	1909
312.208	1866
312.56	1781
312.913	1663
313.265	1532
313.617	1468
313.969	1318
314.322	1255
314.674	1148
315.025	1059
315.378	1024
315.73	919
316.083	879
316.434	818
316.786	798
317.138	752
317.489	702
317.842	661
318.194	602
318.547	603
318.897	586
319.25	530
319.602	472
319.953	482
320.305	464
320.657	428
321.008	397
321.36	390
321.713	385
322.063	344
322.416	346
322.768	342
323.118	319
323.471	313
323.823	278
324.173	283
324.525	256
324.876	256
325.228	246
325.58	237
325.931	232
326.283	214
326.633	228
326.985	218
327.337	197
327.688	206
328.039	221
328.39	198
328.742	208
329.094	202
329.444	199
329.796	170
330.146	178
330.498	170
330.848	180
331.2	181
331.551	166
331.902	179
332.253	167
332.604	173
332.954	173
333.306	160
333.656	168
334.008	164
334.358	165
334.71	164
335.06	148
335.411	158
335.762	139
336.113	161
