39.5698	112.5
39.941	120.5
40.3108	102.5
40.6805	100.5
41.0503	112.5
41.42	109.5
41.7897	93.5
42.1593	103.5
42.529	99.5
42.9001	100.5
43.2697	99.5
43.6393	104.5
44.0089	111.5
44.3784	107.5
44.748	102.5
45.1175	108.5
45.487	107.5
45.8565	108.5
46.226	103.5
46.5955	98.5
46.9649	91.5
47.3343	110.5
47.7052	110.5
48.0746	107.5
48.4439	104.5
48.8133	109.5
49.1826	128.5
49.5519	122.5
49.9212	116.5
50.2905	106.5
50.6598	107.5
51.029	111.5
51.3982	108.5
51.7675	111.5
52.1366	110.5
52.5058	139.5
52.875	133.5
53.2441	169.5
53.6132	209.5
53.9823	261.5
54.3514	292.5
54.7205	286.5
55.0895	255.5
55.4586	300.5
55.8276	467.5
56.1966	640.5
56.5641	504.5
56.9331	288.5
57.302	193.5
57.671	175.5
58.0399	149.5
58.4088	144.5
58.7776	141.5
59.1465	155.5
59.5153	176.5
59.8841	236.5
60.2529	292.5
60.6217	292.5
60.9905	277.5
61.3578	233.5
61.7265	212.5
62.0953	246.5
62.464	285.5
62.8326	343.5
63.2013	418.5
63.5699	589.5
63.9386	602.5
64.3057	536.5
64.6743	450.5
65.0429	350.5
65.4114	295.5
65.78	255.5
66.1485	239.5
66.517	216.5
66.884	166.5
67.2525	141.5
67.621	143.5
67.9894	117.5
68.3578	122.5
68.7248	115.5
69.0931	106.5
69.4615	113.5
69.8299	104.5
70.1982	112.5
70.565	100.5
70.9333	105.5
71.3016	101.5
71.6699	103.5
72.0381	101.5
72.4049	105.5
72.7731	113.5
73.1413	105.5
73.5094	126.5
73.8762	136.5
74.2443	165.5
74.6124	174.5
74.9805	160.5
75.3471	132.5
75.7152	127.5
76.0832	102.5
76.4513	103.5
76.8178	100.5
77.1858	103.5
77.5538	94.5
77.9203	103.5
78.2883	90.5
78.6562	98.5
79.0241	96.5
79.3905	101.5
79.7584	103.5
80.1262	93.5
80.4926	86.5
80.8605	97.5
81.2282	100.5
81.5946	86.5
81.9624	101.5
82.3301	92.5
82.6964	97.5
83.0641	91.5
83.4318	102.5
83.798	92.5
84.1657	90.5
84.5319	93.5
84.8995	90.5
85.2671	96.5
85.6333	87.5
86.0008	95.5
86.3684	101.5
86.7345	100.5
87.102	100.5
87.468	107.5
87.8355	101.5
88.2016	93.5
88.569	95.5
88.9364	105.5
89.3024	101.5
89.6698	104.5
90.0357	111.5
90.4031	106.5
90.769	102.5
91.1363	103.5
91.5036	113.5
91.8695	102.5
92.2368	98.5
92.6026	100.5
92.9698	99.5
93.3356	95.5
93.7028	102.5
94.0685	107.5
94.4357	97.5
94.8014	99.5
95.1685	103.5
95.5342	95.5
95.9013	97.5
96.267	103.5
96.634	107.5
96.9996	90.5
97.3666	88.5
97.7322	98.5
98.0992	139.5
98.4647	175.5
98.8317	133.5
99.1972	98.5
99.5641	103.5
99.9296	97.5
100.296	95.5
100.662	96.5
101.027	95.5
101.394	94.5
101.76	105.5
102.126	92.5
102.492	94.5
102.858	98.5
103.224	99.5
103.589	93.5
103.956	90.5
104.321	100.5
104.688	95.5
105.053	102.5
105.418	95.5
105.785	98.5
106.15	107.5
106.515	99.5
106.882	98.5
107.247	99.5
107.613	98.5
107.978	104.5
108.343	93.5
108.71	105.5
109.075	108.5
109.44	100.5
109.806	101.5
110.171	103.5
110.536	96.5
110.903	98.5
111.268	95.5
111.633	97.5
111.999	101.5
112.364	100.5
112.729	92.5
113.093	97.5
113.46	87.5
113.825	94.5
114.189	93.5
114.555	86.5
114.92	96.5
115.285	93.5
115.65	93.5
116.016	89.5
116.381	95.5
116.745	101.5
117.11	87.5
117.476	91.5
117.841	88.5
118.205	96.5
118.57	97.5
118.936	105.5
119.3	96.5
119.665	98.5
120.029	93.5
120.394	92.5
120.76	94.5
121.124	97.5
121.489	97.5
121.853	93.5
122.217	83.5
122.583	89.5
122.948	102.5
123.312	81.5
123.676	91.5
124.041	83.5
124.406	96.5
124.771	89.5
125.135	90.5
125.499	92.5
125.863	88.5
126.228	94.5
126.592	93.5
126.957	98.5
127.322	91.5
127.686	93.5
128.05	99.5
128.414	95.5
128.778	89.5
129.142	95.5
129.506	95.5
129.87	88.5
130.236	94.5
130.6	90.5
130.964	89.5
131.328	100.5
131.692	90.5
132.056	95.5
132.419	91.5
132.783	92.5
133.147	91.5
133.511	95.5
133.875	98.5
134.239	91.5
134.603	98.5
134.966	101.5
135.33	96.5
135.694	96.5
136.058	95.5
136.421	94.5
136.785	100.5
137.149	92.5
137.514	91.5
137.878	96.5
138.241	91.5
138.603	85.5
138.967	97.5
139.331	98.5
139.694	89.5
140.058	87.5
140.421	90.5
140.785	92.5
141.148	85.5
141.512	95.5
141.875	96.5
142.239	99.5
142.602	94.5
142.966	104.5
143.329	98.5
143.692	92.5
144.056	92.5
144.419	93.5
144.782	90.5
145.146	99.5
145.509	89.5
145.871	93.5
146.234	91.5
146.597	92.5
146.961	97.5
147.324	86.5
147.687	100.5
148.05	94.5
148.413	87.5
148.777	92.5
149.138	92.5
149.501	96.5
149.864	102.5
150.228	100.5
150.591	103.5
150.954	91.5
151.317	103.5
151.678	92.5
152.041	97.5
152.404	95.5
152.767	98.5
153.13	99.5
153.492	98.5
153.854	104.5
154.217	107.5
154.58	101.5
154.943	111.5
155.304	100.5
155.667	112.5
156.03	128.5
156.393	125.5
156.756	129.5
157.117	146.5
157.48	153.5
157.842	140.5
158.205	133.5
158.566	128.5
158.929	115.5
159.292	123.5
159.654	102.5
160.015	113.5
160.378	104.5
160.741	109.5
161.103	112.5
161.464	98.5
161.827	104.5
162.189	97.5
162.55	98.5
162.913	105.5
163.275	92.5
163.638	102.5
163.999	100.5
164.361	96.5
164.724	96.5
165.085	90.5
165.447	105.5
165.809	108.5
166.17	102.5
166.532	104.5
166.895	96.5
167.256	96.5
167.618	97.5
167.979	104.5
168.341	102.5
168.703	104.5
169.064	101.5
169.426	107.5
169.788	104.5
170.149	102.5
170.511	104.5
170.872	102.5
171.234	108.5
171.596	100.5
171.956	104.5
172.318	100.5
172.679	107.5
173.041	110.5
173.401	104.5
173.763	105.5
174.125	107.5
174.486	116.5
174.848	99.5
175.208	106.5
175.57	100.5
175.931	113.5
176.292	104.5
176.653	111.5
177.015	114.5
177.375	116.5
177.737	110.5
178.098	105.5
178.459	112.5
178.821	117.5
179.181	114.5
179.542	122.5
179.903	120.5
180.264	126.5
180.625	124.5
180.985	128.5
181.346	125.5
181.707	121.5
182.068	118.5
182.428	142.5
182.79	146.5
183.15	138.5
183.511	142.5
183.871	142.5
184.233	142.5
184.593	151.5
184.953	159.5
185.314	164.5
185.674	161.5
186.036	160.5
186.396	177.5
186.757	176.5
187.117	171.5
187.477	190.5
187.838	173.5
188.198	172.5
188.559	157.5
188.919	159.5
189.279	161.5
189.64	160.5
190	155.5
190.359	145.5
190.721	144.5
191.08	147.5
191.44	146.5
191.801	143.5
192.161	132.5
192.52	132.5
192.882	132.5
193.241	128.5
193.601	130.5
193.962	125.5
194.321	123.5
194.681	117.5
195.042	128.5
195.401	117.5
195.761	124.5
196.122	107.5
196.481	124.5
196.841	116.5
197.2	115.5
197.561	122.5
197.92	103.5
198.28	120.5
198.639	107.5
199	119.5
199.359	118.5
199.718	121.5
200.078	110.5
200.438	107.5
200.798	110.5
201.157	111.5
201.516	115.5
201.877	118.5
202.236	118.5
202.595	103.5
202.954	114.5
203.313	118.5
203.674	118.5
204.033	107.5
204.392	105.5
204.751	106.5
205.11	117.5
205.471	113.5
205.83	110.5
206.189	110.5
206.548	109.5
206.907	112.5
207.266	124.5
207.626	107.5
207.985	122.5
208.344	124.5
208.703	129.5
209.062	124.5
209.42	123.5
209.779	135.5
210.138	128.5
210.498	127.5
210.857	129.5
211.216	137.5
211.575	145.5
211.933	134.5
212.292	138.5
212.651	126.5
213.01	125.5
213.368	147.5
213.727	120.5
214.085	132.5
214.444	132.5
214.804	122.5
215.163	121.5
215.521	125.5
215.88	132.5
216.238	121.5
216.597	117.5
216.955	117.5
217.314	108.5
217.672	110.5
218.031	121.5
218.389	114.5
218.748	106.5
219.106	110.5
219.464	110.5
219.823	115.5
220.181	110.5
220.539	114.5
220.898	109.5
221.256	112.5
221.614	111.5
221.973	102.5
222.331	114.5
222.689	97.5
223.047	106.5
223.405	118.5
223.762	113.5
224.12	105.5
224.479	125.5
224.837	116.5
225.195	120.5
225.553	131.5
225.911	127.5
226.269	116.5
226.627	125.5
226.985	133.5
227.343	133.5
227.701	138.5
228.058	134.5
228.416	139.5
228.773	130.5
229.131	128.5
229.489	130.5
229.847	143.5
230.205	137.5
230.563	140.5
230.919	140.5
231.277	139.5
231.635	141.5
231.993	156.5
232.351	142.5
232.708	157.5
233.065	149.5
233.422	160.5
233.78	165.5
234.138	153.5
234.495	162.5
234.852	168.5
235.209	175.5
235.567	170.5
235.925	176.5
236.282	172.5
236.638	184.5
236.996	184.5
237.353	180.5
237.711	184.5
238.067	192.5
238.425	183.5
238.782	194.5
239.139	186.5
239.495	186.5
239.853	189.5
240.21	199.5
240.568	194.5
240.924	201.5
241.281	197.5
241.638	201.5
241.996	196.5
242.352	175.5
242.709	177.5
243.066	177.5
243.422	169.5
243.779	180.5
244.136	165.5
244.492	157.5
244.849	145.5
245.207	157.5
245.562	146.5
245.919	150.5
246.277	163.5
246.632	158.5
246.989	153.5
247.346	146.5
247.702	138.5
248.059	145.5
248.416	148.5
248.772	139.5
249.129	152.5
249.484	156.5
249.841	164.5
250.198	141.5
250.554	141.5
250.911	143.5
251.266	136.5
251.623	152.5
251.98	150.5
252.335	146.5
252.692	146.5
253.047	143.5
253.404	153.5
253.76	154.5
254.116	160.5
254.473	156.5
254.828	160.5
255.185	150.5
255.54	156.5
255.897	153.5
256.252	146.5
256.609	152.5
256.964	142.5
257.321	164.5
257.676	158.5
258.032	143.5
258.388	140.5
258.744	149.5
259.099	146.5
259.456	144.5
259.811	134.5
260.167	133.5
260.522	136.5
260.879	140.5
261.234	133.5
261.59	128.5
261.945	130.5
262.301	127.5
262.656	134.5
263.011	116.5
263.368	129.5
263.723	122.5
264.079	114.5
264.434	127.5
264.79	123.5
265.145	130.5
265.5	129.5
265.856	123.5
266.211	119.5
266.567	105.5
266.921	121.5
267.276	126.5
267.632	120.5
267.987	116.5
268.342	120.5
268.698	120.5
269.052	114.5
269.408	107.5
269.763	118.5
270.118	124.5
270.474	111.5
270.828	119.5
271.183	112.5
271.539	111.5
271.893	112.5
272.248	117.5
272.604	100.5
272.958	109.5
273.312	107.5
273.667	109.5
274.023	114.5
274.377	113.5
274.731	110.5
275.087	112.5
275.442	109.5
275.796	108.5
276.15	106.5
276.506	111.5
276.86	102.5
277.214	109.5
277.569	110.5
277.924	114.5
278.279	116.5
278.633	113.5
278.987	107.5
279.342	109.5
279.697	109.5
280.051	112.5
280.405	106.5
280.759	114.5
281.114	100.5
281.469	107.5
281.823	111.5
282.177	115.5
282.531	115.5
282.886	104.5
283.24	112.5
283.594	105.5
283.948	113.5
284.302	98.5
284.656	111.5
285.011	111.5
285.365	116.5
285.719	121.5
286.073	99.5
286.427	120.5
286.78	110.5
287.134	110.5
287.489	126.5
287.843	122.5
288.197	118.5
288.551	113.5
288.904	125.5
289.258	115.5
289.612	125.5
289.965	131.5
290.319	122.5
290.673	114.5
291.026	139.5
291.381	125.5
291.735	129.5
292.088	137.5
292.442	135.5
292.795	146.5
293.149	133.5
293.503	141.5
293.856	131.5
294.209	137.5
294.563	153.5
294.916	135.5
295.27	137.5
295.623	154.5
295.977	142.5
296.33	136.5
296.683	151.5
297.037	127.5
297.39	147.5
297.743	159.5
298.097	147.5
298.45	161.5
298.803	159.5
299.156	157.5
299.51	162.5
299.863	159.5
300.216	165.5
300.569	153.5
300.922	177.5
301.275	177.5
301.627	171.5
301.98	159.5
302.333	179.5
302.686	176.5
303.039	198.5
303.392	209.5
303.746	205.5
304.099	212.5
304.452	229.5
304.804	243.5
305.156	239.5
305.509	255.5
305.862	257.5
306.215	294.5
306.568	300.5
306.921	322.5
307.273	320.5
307.626	369.5
307.978	400.5
308.331	431.5
308.683	449.5
309.036	504.5
309.389	552.5
309.742	591.5
310.093	629.5
310.446	660.5
310.798	727.5
311.151	779.5
311.504	831.5
311.855	772.5
312.208	775.5
312.56	729.5
312.913	773.5
313.265	653.5
313.617	613.5
313.969	577.5
314.322	503.5
314.674	505.5
315.025	447.5
315.378	425.5
315.73	467.5
316.083	410.5
316.434	411.5
316.786	386.5
317.138	363.5
317.489	348.5
317.842	324.5
318.194	320.5
318.547	296.5
318.897	297.5
319.25	261.5
319.602	268.5
319.953	254.5
320.305	234.5
320.657	233.5
321.008	206.5
321.36	204.5
321.713	207.5
322.063	185.5
322.416	191.5
322.768	185.5
323.118	175.5
323.471	156.5
323.823	153.5
324.173	162.5
324.525	165.5
324.876	165.5
325.228	144.5
325.58	141.5
325.931	147.5
326.283	143.5
326.633	140.5
326.985	147.5
327.337	147.5
327.688	130.5
328.039	135.5
328.39	133.5
328.742	132.5
329.094	134.5
329.444	126.5
329.796	126.5
330.146	131.5
330.498	135.5
330.848	129.5
331.2	123.5
331.551	119.5
331.902	122.5
332.253	117.5
332.604	125.5
332.954	115.5
333.306	115.5
333.656	125.5
334.008	117.5
334.358	120.5
334.71	123.5
335.06	122.5
335.411	114.5
335.762	113.5
336.113	114.5
