39.5698	114.5
39.941	91.5
40.3108	116.5
40.6805	109.5
41.0503	115.5
41.42	113.5
41.7897	107.5
42.1593	101.5
42.529	103.5
42.9001	103.5
43.2697	107.5
43.6393	111.5
44.0089	118.5
44.3784	116.5
44.748	112.5
45.1175	115.5
45.487	108.5
45.8565	108.5
46.226	112.5
46.5955	100.5
46.9649	113.5
47.3343	107.5
47.7052	100.5
48.0746	105.5
48.4439	111.5
48.8133	129.5
49.1826	155.5
49.5519	164.5
49.9212	132.5
50.2905	109.5
50.6598	114.5
51.029	120.5
51.3982	117.5
51.7675	110.5
52.1366	110.5
52.5058	123.5
52.875	145.5
53.2441	149.5
53.6132	179.5
53.9823	202.5
54.3514	247.5
54.7205	228.5
55.0895	217.5
55.4586	227.5
55.8276	281.5
56.1966	408.5
56.5641	407.5
56.9331	254.5
57.302	182.5
57.671	163.5
58.0399	173.5
58.4088	164.5
58.7776	158.5
59.1465	179.5
59.5153	235.5
59.8841	294.5
60.2529	406.5
60.6217	428.5
60.9905	347.5
61.3578	297.5
61.7265	263.5
62.0953	302.5
62.464	409.5
62.8326	508.5
63.2013	692.5
63.5699	884.5
63.9386	1086.5
64.3057	942.5
64.6743	854.5
65.0429	668.5
65.4114	546.5
65.78	462.5
66.1485	443.5
66.517	344.5
66.884	251.5
67.2525	216.5
67.621	179.5
67.9894	156.5
68.3578	149.5
68.7248	141.5
69.0931	118.5
69.4615	124.5
69.8299	110.5
70.1982	127.5
70.565	128.5
70.9333	112.5
71.3016	116.5
71.6699	117.5
72.0381	123.5
72.4049	129.5
72.7731	129.5
73.1413	142.5
73.5094	164.5
73.8762	206.5
74.2443	254.5
74.6124	308.5
74.9805	290.5
75.3471	256.5
75.7152	200.5
76.0832	160.5
76.4513	132.5
76.8178	135.5
77.1858	121.5
77.5538	112.5
77.9203	106.5
78.2883	108.5
78.6562	104.5
79.0241	98.5
79.3905	94.5
79.7584	112.5
80.1262	103.5
80.4926	104.5
80.8605	93.5
81.2282	99.5
81.5946	89.5
81.9624	96.5
82.3301	92.5
82.6964	92.5
83.0641	99.5
83.4318	101.5
83.798	97.5
84.1657	93.5
84.5319	91.5
84.8995	89.5
85.2671	97.5
85.6333	90.5
86.0008	98.5
86.3684	98.5
86.7345	95.5
87.102	101.5
87.468	101.5
87.8355	106.5
88.2016	103.5
88.569	100.5
88.9364	107.5
89.3024	107.5
89.6698	102.5
90.0357	111.5
90.4031	121.5
90.769	122.5
91.1363	117.5
91.5036	116.5
91.8695	103.5
92.2368	101.5
92.6026	109.5
92.9698	91.5
93.3356	95.5
93.7028	90.5
94.0685	97.5
94.4357	97.5
94.8014	98.5
95.1685	97.5
95.5342	97.5
95.9013	100.5
96.267	97.5
96.634	102.5
96.9996	95.5
97.3666	104.5
97.7322	108.5
98.0992	189.5
98.4647	234.5
98.8317	164.5
99.1972	115.5
99.5641	97.5
99.9296	100.5
100.296	102.5
100.662	106.5
101.027	95.5
101.394	92.5
101.76	92.5
102.126	101.5
102.492	90.5
102.858	94.5
103.224	100.5
103.589	101.5
103.956	99.5
104.321	103.5
104.688	94.5
105.053	97.5
105.418	95.5
105.785	96.5
106.15	87.5
106.515	98.5
106.882	101.5
107.247	102.5
107.613	98.5
107.978	99.5
108.343	100.5
108.71	97.5
109.075	104.5
109.44	99.5
109.806	103.5
110.171	96.5
110.536	104.5
110.903	95.5
111.268	100.5
111.633	100.5
111.999	95.5
112.364	93.5
112.729	100.5
113.093	101.5
113.46	95.5
113.825	99.5
114.189	94.5
114.555	91.5
114.92	94.5
115.285	94.5
115.65	99.5
116.016	95.5
116.381	88.5
116.745	88.5
117.11	91.5
117.476	99.5
117.841	91.5
118.205	91.5
118.57	92.5
118.936	93.5
119.3	83.5
119.665	93.5
120.029	98.5
120.394	89.5
120.76	97.5
121.124	91.5
121.489	94.5
121.853	100.5
122.217	99.5
122.583	88.5
122.948	93.5
123.312	95.5
123.676	93.5
124.041	84.5
124.406	90.5
124.771	88.5
125.135	86.5
125.499	96.5
125.863	91.5
126.228	91.5
126.592	89.5
126.957	87.5
127.322	89.5
127.686	98.5
128.05	91.5
128.414	100.5
128.778	98.5
129.142	91.5
129.506	99.5
129.87	95.5
130.236	94.5
130.6	89.5
130.964	94.5
131.328	89.5
131.692	91.5
132.056	94.5
132.419	96.5
132.783	90.5
133.147	89.5
133.511	100.5
133.875	99.5
134.239	91.5
134.603	97.5
134.966	93.5
135.33	99.5
135.694	99.5
136.058	95.5
136.421	95.5
136.785	91.5
137.149	93.5
137.514	93.5
137.878	96.5
138.241	97.5
138.603	90.5
138.967	90.5
139.331	92.5
139.694	98.5
140.058	93.5
140.421	95.5
140.785	90.5
141.148	93.5
141.512	88.5
141.875	89.5
142.239	93.5
142.602	96.5
142.966	91.5
143.329	91.5
143.692	100.5
144.056	88.5
144.419	94.5
144.782	96.5
145.146	91.5
145.509	92.5
145.871	98.5
146.234	82.5
146.597	87.5
146.961	91.5
147.324	91.5
147.687	94.5
148.05	99.5
148.413	95.5
148.777	92.5
149.138	92.5
149.501	87.5
149.864	97.5
150.228	88.5
150.591	98.5
150.954	98.5
151.317	93.5
151.678	91.5
152.041	93.5
152.404	89.5
152.767	93.5
153.13	92.5
153.492	84.5
153.854	100.5
154.217	97.5
154.58	97.5
154.943	100.5
155.304	101.5
155.667	105.5
156.03	108.5
156.393	96.5
156.756	111.5
157.117	108.5
157.48	124.5
157.842	110.5
158.205	113.5
158.566	117.5
158.929	104.5
159.292	108.5
159.654	106.5
160.015	95.5
160.378	96.5
160.741	96.5
161.103	94.5
161.464	102.5
161.827	91.5
162.189	94.5
162.55	100.5
162.913	99.5
163.275	89.5
163.638	94.5
163.999	101.5
164.361	94.5
164.724	97.5
165.085	86.5
165.447	96.5
165.809	98.5
166.17	94.5
166.532	91.5
166.895	98.5
167.256	94.5
167.618	105.5
167.979	102.5
168.341	98.5
168.703	105.5
169.064	101.5
169.426	99.5
169.788	103.5
170.149	96.5
170.511	98.5
170.872	92.5
171.234	99.5
171.596	97.5
171.956	91.5
172.318	92.5
172.679	107.5
173.041	95.5
173.401	104.5
173.763	105.5
174.125	100.5
174.486	95.5
174.848	101.5
175.208	102.5
175.57	105.5
175.931	95.5
176.292	98.5
176.653	99.5
177.015	99.5
177.375	95.5
177.737	110.5
178.098	105.5
178.459	104.5
178.821	106.5
179.181	106.5
179.542	109.5
179.903	102.5
180.264	109.5
180.625	115.5
180.985	102.5
181.346	114.5
181.707	109.5
182.068	119.5
182.428	117.5
182.79	124.5
183.15	117.5
183.511	119.5
183.871	122.5
184.233	125.5
184.593	126.5
184.953	126.5
185.314	136.5
185.674	132.5
186.036	130.5
186.396	142.5
186.757	134.5
187.117	134.5
187.477	139.5
187.838	135.5
188.198	144.5
188.559	144.5
188.919	146.5
189.279	129.5
189.64	134.5
190	128.5
190.359	128.5
190.721	125.5
191.08	128.5
191.44	122.5
191.801	127.5
192.161	110.5
192.52	124.5
192.882	120.5
193.241	118.5
193.601	115.5
193.962	117.5
194.321	116.5
194.681	113.5
195.042	113.5
195.401	112.5
195.761	117.5
196.122	109.5
196.481	116.5
196.841	108.5
197.2	111.5
197.561	124.5
197.92	114.5
198.28	121.5
198.639	113.5
199	109.5
199.359	105.5
199.718	106.5
200.078	103.5
200.438	115.5
200.798	104.5
201.157	99.5
201.516	110.5
201.877	101.5
202.236	102.5
202.595	99.5
202.954	107.5
203.313	99.5
203.674	101.5
204.033	101.5
204.392	107.5
204.751	112.5
205.11	111.5
205.471	93.5
205.83	107.5
206.189	99.5
206.548	106.5
206.907	101.5
207.266	107.5
207.626	109.5
207.985	108.5
208.344	114.5
208.703	103.5
209.062	110.5
209.42	99.5
209.779	114.5
210.138	109.5
210.498	117.5
210.857	110.5
211.216	115.5
211.575	123.5
211.933	115.5
212.292	127.5
212.651	121.5
213.01	127.5
213.368	106.5
213.727	122.5
214.085	114.5
214.444	117.5
214.804	95.5
215.163	125.5
215.521	107.5
215.88	99.5
216.238	101.5
216.597	105.5
216.955	107.5
217.314	105.5
217.672	106.5
218.031	101.5
218.389	103.5
218.748	97.5
219.106	97.5
219.464	97.5
219.823	98.5
220.181	102.5
220.539	103.5
220.898	97.5
221.256	104.5
221.614	96.5
221.973	103.5
222.331	100.5
222.689	103.5
223.047	96.5
223.405	97.5
223.762	103.5
224.12	95.5
224.479	103.5
224.837	104.5
225.195	106.5
225.553	116.5
225.911	105.5
226.269	103.5
226.627	100.5
226.985	106.5
227.343	102.5
227.701	105.5
228.058	107.5
228.416	111.5
228.773	110.5
229.131	101.5
229.489	105.5
229.847	102.5
230.205	122.5
230.563	108.5
230.919	118.5
231.277	113.5
231.635	120.5
231.993	110.5
232.351	114.5
232.708	124.5
233.065	111.5
233.422	115.5
233.78	111.5
234.138	126.5
234.495	117.5
234.852	119.5
235.209	119.5
235.567	136.5
235.925	132.5
236.282	141.5
236.638	142.5
236.996	128.5
237.353	140.5
237.711	126.5
238.067	128.5
238.425	137.5
238.782	145.5
239.139	148.5
239.495	145.5
239.853	147.5
240.21	149.5
240.568	144.5
240.924	160.5
241.281	152.5
241.638	140.5
241.996	141.5
242.352	143.5
242.709	139.5
243.066	131.5
243.422	138.5
243.779	145.5
244.136	133.5
244.492	134.5
244.849	120.5
245.207	141.5
245.562	128.5
245.919	132.5
246.277	123.5
246.632	124.5
246.989	120.5
247.346	129.5
247.702	122.5
248.059	134.5
248.416	129.5
248.772	131.5
249.129	128.5
249.484	128.5
249.841	132.5
250.198	126.5
250.554	115.5
250.911	133.5
251.266	134.5
251.623	125.5
251.98	130.5
252.335	130.5
252.692	129.5
253.047	123.5
253.404	126.5
253.76	122.5
254.116	125.5
254.473	129.5
254.828	125.5
255.185	128.5
255.54	130.5
255.897	143.5
256.252	131.5
256.609	134.5
256.964	148.5
257.321	134.5
257.676	143.5
258.032	140.5
258.388	139.5
258.744	126.5
259.099	133.5
259.456	121.5
259.811	125.5
260.167	121.5
260.522	141.5
260.879	134.5
261.234	124.5
261.59	135.5
261.945	119.5
262.301	119.5
262.656	116.5
263.011	113.5
263.368	124.5
263.723	118.5
264.079	117.5
264.434	126.5
264.79	112.5
265.145	122.5
265.5	112.5
265.856	107.5
266.211	112.5
266.567	118.5
266.921	106.5
267.276	119.5
267.632	114.5
267.987	107.5
268.342	103.5
268.698	104.5
269.052	105.5
269.408	114.5
269.763	113.5
270.118	117.5
270.474	108.5
270.828	107.5
271.183	120.5
271.539	109.5
271.893	112.5
272.248	117.5
272.604	103.5
272.958	117.5
273.312	107.5
273.667	103.5
274.023	100.5
274.377	107.5
274.731	101.5
275.087	108.5
275.442	111.5
275.796	103.5
276.15	112.5
276.506	104.5
276.86	112.5
277.214	95.5
277.569	113.5
277.924	101.5
278.279	101.5
278.633	108.5
278.987	100.5
279.342	99.5
279.697	106.5
280.051	101.5
280.405	110.5
280.759	114.5
281.114	99.5
281.469	104.5
281.823	107.5
282.177	110.5
282.531	111.5
282.886	110.5
283.24	112.5
283.594	117.5
283.948	106.5
284.302	113.5
284.656	98.5
285.011	111.5
285.365	111.5
285.719	116.5
286.073	114.5
286.427	113.5
286.78	114.5
287.134	116.5
287.489	106.5
287.843	115.5
288.197	118.5
288.551	116.5
288.904	117.5
289.258	111.5
289.612	117.5
289.965	125.5
290.319	107.5
290.673	120.5
291.026	122.5
291.381	124.5
291.735	132.5
292.088	122.5
292.442	132.5
292.795	131.5
293.149	144.5
293.503	128.5
293.856	139.5
294.209	142.5
294.563	140.5
294.916	147.5
295.27	138.5
295.623	155.5
295.977	171.5
296.33	144.5
296.683	144.5
297.037	137.5
297.39	155.5
297.743	159.5
298.097	162.5
298.45	149.5
298.803	171.5
299.156	177.5
299.51	183.5
299.863	165.5
300.216	180.5
300.569	175.5
300.922	188.5
301.275	189.5
301.627	212.5
301.98	183.5
302.333	200.5
302.686	214.5
303.039	214.5
303.392	231.5
303.746	236.5
304.099	244.5
304.452	283.5
304.804	286.5
305.156	270.5
305.509	312.5
305.862	331.5
306.215	333.5
306.568	366.5
306.921	384.5
307.273	415.5
307.626	424.5
307.978	518.5
308.331	545.5
308.683	594.5
309.036	678.5
309.389	699.5
309.742	776.5
310.093	846.5
310.446	962.5
310.798	1037.5
311.151	1116.5
311.504	1177.5
311.855	1177.5
312.208	1163.5
312.56	1152.5
312.913	1063.5
313.265	1014.5
313.617	958.5
313.969	855.5
314.322	776.5
314.674	709.5
315.025	657.5
315.378	591.5
315.73	601.5
316.083	523.5
316.434	509.5
316.786	484.5
317.138	462.5
317.489	447.5
317.842	425.5
318.194	415.5
318.547	375.5
318.897	371.5
319.25	354.5
319.602	317.5
319.953	289.5
320.305	284.5
320.657	288.5
321.008	266.5
321.36	230.5
321.713	251.5
322.063	229.5
322.416	218.5
322.768	225.5
323.118	218.5
323.471	185.5
323.823	206.5
324.173	194.5
324.525	178.5
324.876	195.5
325.228	178.5
325.58	168.5
325.931	166.5
326.283	169.5
326.633	160.5
326.985	156.5
327.337	150.5
327.688	151.5
328.039	158.5
328.39	146.5
328.742	140.5
329.094	145.5
329.444	143.5
329.796	142.5
330.146	132.5
330.498	148.5
330.848	143.5
331.2	143.5
331.551	135.5
331.902	131.5
332.253	124.5
332.604	137.5
332.954	116.5
333.306	121.5
333.656	133.5
334.008	133.5
334.358	116.5
334.71	119.5
335.06	116.5
335.411	128.5
335.762	140.5
336.113	130.5
