39.5698	128.5
39.941	116.5
40.3108	105.5
40.6805	119.5
41.0503	117.5
41.42	98.5
41.7897	114.5
42.1593	111.5
42.529	111.5
42.9001	115.5
43.2697	110.5
43.6393	108.5
44.0089	112.5
44.3784	119.5
44.748	111.5
45.1175	111.5
45.487	109.5
45.8565	112.5
46.226	107.5
46.5955	98.5
46.9649	106.5
47.3343	109.5
47.7052	113.5
48.0746	122.5
48.4439	115.5
48.8133	131.5
49.1826	166.5
49.5519	146.5
49.9212	116.5
50.2905	112.5
50.6598	118.5
51.029	106.5
51.3982	107.5
51.7675	119.5
52.1366	133.5
52.5058	113.5
52.875	135.5
53.2441	158.5
53.6132	200.5
53.9823	220.5
54.3514	221.5
54.7205	198.5
55.0895	196.5
55.4586	225.5
55.8276	334.5
56.1966	393.5
56.5641	286.5
56.9331	182.5
57.302	173.5
57.671	173.5
58.0399	181.5
58.4088	168.5
58.7776	186.5
59.1465	230.5
59.5153	321.5
59.8841	437.5
60.2529	526.5
60.6217	457.5
60.9905	374.5
61.3578	321.5
61.7265	315.5
62.0953	386.5
62.464	486.5
62.8326	680.5
63.2013	933.5
63.5699	1126.5
63.9386	1243.5
64.3057	1051.5
64.6743	819.5
65.0429	646.5
65.4114	566.5
65.78	527.5
66.1485	434.5
66.517	349.5
66.884	256.5
67.2525	207.5
67.621	191.5
67.9894	172.5
68.3578	146.5
68.7248	130.5
69.0931	137.5
69.4615	131.5
69.8299	119.5
70.1982	137.5
70.565	118.5
70.9333	130.5
71.3016	135.5
71.6699	125.5
72.0381	127.5
72.4049	127.5
72.7731	159.5
73.1413	184.5
73.5094	205.5
73.8762	271.5
74.2443	314.5
74.6124	388.5
74.9805	335.5
75.3471	230.5
75.7152	200.5
76.0832	157.5
76.4513	126.5
76.8178	118.5
77.1858	120.5
77.5538	109.5
77.9203	103.5
78.2883	103.5
78.6562	104.5
79.0241	108.5
79.3905	105.5
79.7584	100.5
80.1262	104.5
80.4926	100.5
80.8605	95.5
81.2282	95.5
81.5946	92.5
81.9624	91.5
82.3301	96.5
82.6964	94.5
83.0641	98.5
83.4318	101.5
83.798	104.5
84.1657	94.5
84.5319	96.5
84.8995	98.5
85.2671	92.5
85.6333	99.5
86.0008	102.5
86.3684	97.5
86.7345	92.5
87.102	98.5
87.468	106.5
87.8355	104.5
88.2016	89.5
88.569	106.5
88.9364	100.5
89.3024	105.5
89.6698	124.5
90.0357	123.5
90.4031	129.5
90.769	146.5
91.1363	129.5
91.5036	117.5
91.8695	109.5
92.2368	104.5
92.6026	108.5
92.9698	85.5
93.3356	99.5
93.7028	98.5
94.0685	92.5
94.4357	91.5
94.8014	95.5
95.1685	101.5
95.5342	99.5
95.9013	103.5
96.267	97.5
96.634	88.5
96.9996	103.5
97.3666	100.5
97.7322	128.5
98.0992	221.5
98.4647	208.5
98.8317	146.5
99.1972	101.5
99.5641	96.5
99.9296	89.5
100.296	94.5
100.662	95.5
101.027	91.5
101.394	97.5
101.76	96.5
102.126	90.5
102.492	91.5
102.858	101.5
103.224	108.5
103.589	97.5
103.956	96.5
104.321	102.5
104.688	101.5
105.053	99.5
105.418	89.5
105.785	104.5
106.15	100.5
106.515	107.5
106.882	102.5
107.247	90.5
107.613	98.5
107.978	102.5
108.343	97.5
108.71	99.5
109.075	100.5
109.44	100.5
109.806	93.5
110.171	109.5
110.536	107.5
110.903	96.5
111.268	103.5
111.633	95.5
111.999	97.5
112.364	99.5
112.729	98.5
113.093	95.5
113.46	97.5
113.825	96.5
114.189	101.5
114.555	91.5
114.92	91.5
115.285	83.5
115.65	94.5
116.016	93.5
116.381	92.5
116.745	91.5
117.11	92.5
117.476	85.5
117.841	92.5
118.205	84.5
118.57	96.5
118.936	96.5
119.3	90.5
119.665	93.5
120.029	84.5
120.394	89.5
120.76	94.5
121.124	84.5
121.489	84.5
121.853	85.5
122.217	92.5
122.583	95.5
122.948	94.5
123.312	99.5
123.676	96.5
124.041	91.5
124.406	90.5
124.771	103.5
125.135	103.5
125.499	88.5
125.863	82.5
126.228	97.5
126.592	90.5
126.957	84.5
127.322	83.5
127.686	90.5
128.05	84.5
128.414	98.5
128.778	96.5
129.142	93.5
129.506	93.5
129.87	94.5
130.236	95.5
130.6	93.5
130.964	98.5
131.328	97.5
131.692	102.5
132.056	87.5
132.419	89.5
132.783	96.5
133.147	93.5
133.511	102.5
133.875	89.5
134.239	85.5
134.603	103.5
134.966	97.5
135.33	94.5
135.694	94.5
136.058	88.5
136.421	86.5
136.785	97.5
137.149	94.5
137.514	95.5
137.878	93.5
138.241	98.5
138.603	100.5
138.967	100.5
139.331	92.5
139.694	102.5
140.058	90.5
140.421	81.5
140.785	92.5
141.148	90.5
141.512	92.5
141.875	97.5
142.239	85.5
142.602	93.5
142.966	100.5
143.329	87.5
143.692	96.5
144.056	95.5
144.419	102.5
144.782	86.5
145.146	87.5
145.509	88.5
145.871	92.5
146.234	86.5
146.597	89.5
146.961	88.5
147.324	89.5
147.687	90.5
148.05	95.5
148.413	93.5
148.777	89.5
149.138	97.5
149.501	92.5
149.864	94.5
150.228	91.5
150.591	88.5
150.954	88.5
151.317	98.5
151.678	97.5
152.041	96.5
152.404	88.5
152.767	101.5
153.13	92.5
153.492	88.5
153.854	95.5
154.217	91.5
154.58	87.5
154.943	90.5
155.304	94.5
155.667	99.5
156.03	101.5
156.393	96.5
156.756	101.5
157.117	93.5
157.48	106.5
157.842	102.5
158.205	111.5
158.566	100.5
158.929	96.5
159.292	110.5
159.654	98.5
160.015	99.5
160.378	88.5
160.741	93.5
161.103	93.5
161.464	97.5
161.827	92.5
162.189	97.5
162.55	87.5
162.913	94.5
163.275	98.5
163.638	98.5
163.999	88.5
164.361	94.5
164.724	93.5
165.085	101.5
165.447	87.5
165.809	92.5
166.17	93.5
166.532	101.5
166.895	103.5
167.256	91.5
167.618	100.5
167.979	91.5
168.341	102.5
168.703	99.5
169.064	95.5
169.426	96.5
169.788	98.5
170.149	98.5
170.511	95.5
170.872	96.5
171.234	96.5
171.596	92.5
171.956	103.5
172.318	101.5
172.679	98.5
173.041	97.5
173.401	106.5
173.763	98.5
174.125	105.5
174.486	107.5
174.848	101.5
175.208	110.5
175.57	96.5
175.931	100.5
176.292	106.5
176.653	98.5
177.015	102.5
177.375	101.5
177.737	98.5
178.098	113.5
178.459	105.5
178.821	107.5
179.181	103.5
179.542	115.5
179.903	107.5
180.264	107.5
180.625	108.5
180.985	119.5
181.346	120.5
181.707	114.5
182.068	126.5
182.428	114.5
182.79	127.5
183.15	124.5
183.511	128.5
183.871	140.5
184.233	139.5
184.593	136.5
184.953	148.5
185.314	155.5
185.674	149.5
186.036	158.5
186.396	157.5
186.757	152.5
187.117	151.5
187.477	158.5
187.838	163.5
188.198	148.5
188.559	143.5
188.919	131.5
189.279	149.5
189.64	133.5
190	136.5
190.359	136.5
190.721	124.5
191.08	128.5
191.44	126.5
191.801	137.5
192.161	122.5
192.52	120.5
192.882	114.5
193.241	113.5
193.601	121.5
193.962	112.5
194.321	118.5
194.681	115.5
195.042	110.5
195.401	115.5
195.761	117.5
196.122	101.5
196.481	112.5
196.841	111.5
197.2	112.5
197.561	113.5
197.92	121.5
198.28	107.5
198.639	109.5
199	104.5
199.359	115.5
199.718	102.5
200.078	104.5
200.438	112.5
200.798	108.5
201.157	107.5
201.516	106.5
201.877	103.5
202.236	101.5
202.595	102.5
202.954	102.5
203.313	100.5
203.674	104.5
204.033	96.5
204.392	102.5
204.751	107.5
205.11	110.5
205.471	98.5
205.83	110.5
206.189	109.5
206.548	99.5
206.907	104.5
207.266	105.5
207.626	109.5
207.985	104.5
208.344	105.5
208.703	98.5
209.062	101.5
209.42	112.5
209.779	117.5
210.138	110.5
210.498	106.5
210.857	103.5
211.216	114.5
211.575	122.5
211.933	134.5
212.292	123.5
212.651	116.5
213.01	105.5
213.368	111.5
213.727	113.5
214.085	112.5
214.444	114.5
214.804	104.5
215.163	110.5
215.521	116.5
215.88	119.5
216.238	100.5
216.597	97.5
216.955	103.5
217.314	114.5
217.672	113.5
218.031	100.5
218.389	104.5
218.748	103.5
219.106	97.5
219.464	101.5
219.823	105.5
220.181	100.5
220.539	105.5
220.898	96.5
221.256	99.5
221.614	105.5
221.973	98.5
222.331	99.5
222.689	108.5
223.047	101.5
223.405	98.5
223.762	105.5
224.12	92.5
224.479	110.5
224.837	102.5
225.195	100.5
225.553	97.5
225.911	100.5
226.269	91.5
226.627	104.5
226.985	103.5
227.343	106.5
227.701	99.5
228.058	107.5
228.416	102.5
228.773	108.5
229.131	114.5
229.489	107.5
229.847	114.5
230.205	98.5
230.563	101.5
230.919	108.5
231.277	105.5
231.635	103.5
231.993	118.5
232.351	114.5
232.708	122.5
233.065	113.5
233.422	110.5
233.78	109.5
234.138	132.5
234.495	125.5
234.852	123.5
235.209	120.5
235.567	117.5
235.925	130.5
236.282	135.5
236.638	136.5
236.996	130.5
237.353	135.5
237.711	134.5
238.067	122.5
238.425	144.5
238.782	127.5
239.139	137.5
239.495	140.5
239.853	132.5
240.21	137.5
240.568	132.5
240.924	141.5
241.281	144.5
241.638	137.5
241.996	138.5
242.352	148.5
242.709	121.5
243.066	130.5
243.422	135.5
243.779	124.5
244.136	122.5
244.492	130.5
244.849	119.5
245.207	132.5
245.562	130.5
245.919	128.5
246.277	120.5
246.632	118.5
246.989	120.5
247.346	130.5
247.702	129.5
248.059	130.5
248.416	111.5
248.772	119.5
249.129	115.5
249.484	118.5
249.841	127.5
250.198	122.5
250.554	124.5
250.911	132.5
251.266	126.5
251.623	132.5
251.98	126.5
252.335	125.5
252.692	123.5
253.047	130.5
253.404	124.5
253.76	132.5
254.116	126.5
254.473	127.5
254.828	131.5
255.185	143.5
255.54	137.5
255.897	135.5
256.252	131.5
256.609	127.5
256.964	135.5
257.321	123.5
257.676	126.5
258.032	138.5
258.388	135.5
258.744	135.5
259.099	133.5
259.456	129.5
259.811	130.5
260.167	129.5
260.522	131.5
260.879	128.5
261.234	133.5
261.59	124.5
261.945	122.5
262.301	119.5
262.656	108.5
263.011	116.5
263.368	122.5
263.723	131.5
264.079	117.5
264.434	113.5
264.79	115.5
265.145	114.5
265.5	107.5
265.856	109.5
266.211	118.5
266.567	113.5
266.921	123.5
267.276	108.5
267.632	111.5
267.987	110.5
268.342	97.5
268.698	112.5
269.052	108.5
269.408	107.5
269.763	112.5
270.118	113.5
270.474	113.5
270.828	99.5
271.183	103.5
271.539	107.5
271.893	103.5
272.248	91.5
272.604	111.5
272.958	113.5
273.312	105.5
273.667	98.5
274.023	100.5
274.377	107.5
274.731	109.5
275.087	105.5
275.442	116.5
275.796	103.5
276.15	113.5
276.506	98.5
276.86	108.5
277.214	105.5
277.569	107.5
277.924	102.5
278.279	113.5
278.633	106.5
278.987	103.5
279.342	111.5
279.697	107.5
280.051	108.5
280.405	103.5
280.759	99.5
281.114	114.5
281.469	103.5
281.823	96.5
282.177	112.5
282.531	111.5
282.886	103.5
283.24	114.5
283.594	103.5
283.948	102.5
284.302	112.5
284.656	109.5
285.011	114.5
285.365	115.5
285.719	107.5
286.073	117.5
286.427	111.5
286.78	121.5
287.134	112.5
287.489	121.5
287.843	111.5
288.197	106.5
288.551	137.5
288.904	128.5
289.258	119.5
289.612	127.5
289.965	123.5
290.319	127.5
290.673	117.5
291.026	132.5
291.381	123.5
291.735	139.5
292.088	132.5
292.442	135.5
292.795	129.5
293.149	148.5
293.503	148.5
293.856	139.5
294.209	142.5
294.563	149.5
294.916	144.5
295.27	144.5
295.623	150.5
295.977	158.5
296.33	146.5
296.683	163.5
297.037	161.5
297.39	167.5
297.743	164.5
298.097	180.5
298.45	180.5
298.803	186.5
299.156	185.5
299.51	187.5
299.863	183.5
300.216	173.5
300.569	198.5
300.922	204.5
301.275	207.5
301.627	219.5
301.98	210.5
302.333	224.5
302.686	241.5
303.039	225.5
303.392	256.5
303.746	259.5
304.099	276.5
304.452	294.5
304.804	302.5
305.156	320.5
305.509	353.5
305.862	362.5
306.215	378.5
306.568	413.5
306.921	464.5
307.273	501.5
307.626	527.5
307.978	570.5
308.331	622.5
308.683	675.5
309.036	751.5
309.389	838.5
309.742	959.5
310.093	950.5
310.446	1073.5
310.798	1148.5
311.151	1259.5
311.504	1336.5
311.855	1296.5
312.208	1257.5
312.56	1213.5
312.913	1142.5
313.265	1088.5
313.617	963.5
313.969	894.5
314.322	736.5
314.674	739.5
315.025	698.5
315.378	617.5
315.73	588.5
316.083	532.5
316.434	531.5
316.786	495.5
317.138	479.5
317.489	447.5
317.842	430.5
318.194	439.5
318.547	369.5
318.897	363.5
319.25	354.5
319.602	305.5
319.953	294.5
320.305	310.5
320.657	291.5
321.008	290.5
321.36	256.5
321.713	252.5
322.063	228.5
322.416	235.5
322.768	231.5
323.118	210.5
323.471	206.5
323.823	193.5
324.173	193.5
324.525	194.5
324.876	180.5
325.228	206.5
325.58	177.5
325.931	164.5
326.283	182.5
326.633	166.5
326.985	164.5
327.337	170.5
327.688	160.5
328.039	161.5
328.39	155.5
328.742	148.5
329.094	154.5
329.444	167.5
329.796	153.5
330.146	139.5
330.498	134.5
330.848	141.5
331.2	141.5
331.551	137.5
331.902	131.5
332.253	133.5
332.604	137.5
332.954	134.5
333.306	136.5
333.656	136.5
334.008	137.5
334.358	139.5
334.71	135.5
335.06	130.5
335.411	129.5
335.762	115.5
336.113	131.5
