39.5698	114
39.941	116
40.3108	114
40.6805	109
41.0503	98
41.42	94
41.7897	95
42.1593	91
42.529	89
42.9001	91
43.2697	94
43.6393	84
44.0089	88
44.3784	98
44.748	98
45.1175	100
45.487	98
45.8565	97
46.226	97
46.5955	83
46.9649	102
47.3343	85
47.7052	95
48.0746	86
48.4439	93
48.8133	94
49.1826	104
49.5519	101
49.9212	95
50.2905	92
50.6598	94
51.029	87
51.3982	102
51.7675	112
52.1366	119
52.5058	125
52.875	135
53.2441	167
53.6132	213
53.9823	278
54.3514	285
54.7205	260
55.0895	327
55.4586	549
55.8276	912
56.1966	897
56.5641	544
56.9331	230
57.302	167
57.671	134
58.0399	121
58.4088	118
58.7776	101
59.1465	106
59.5153	114
59.8841	141
60.2529	167
60.6217	176
60.9905	166
61.3578	136
61.7265	106
62.0953	107
62.464	112
62.8326	110
63.2013	113
63.5699	125
63.9386	117
64.3057	113
64.6743	114
65.0429	99
65.4114	111
65.78	99
66.1485	98
66.517	98
66.884	89
67.2525	89
67.621	83
67.9894	96
68.3578	89
68.7248	89
69.0931	86
69.4615	96
69.8299	84
70.1982	86
70.565	85
70.9333	86
71.3016	83
71.6699	88
72.0381	96
72.4049	91
72.7731	90
73.1413	93
73.5094	84
73.8762	87
74.2443	90
74.6124	97
74.9805	85
75.3471	98
75.7152	92
76.0832	92
76.4513	79
76.8178	95
77.1858	84
77.5538	88
77.9203	84
78.2883	90
78.6562	91
79.0241	87
79.3905	75
79.7584	87
80.1262	79
80.4926	90
80.8605	89
81.2282	88
81.5946	90
81.9624	91
82.3301	85
82.6964	85
83.0641	85
83.4318	85
83.798	82
84.1657	81
84.5319	89
84.8995	87
85.2671	89
85.6333	91
86.0008	86
86.3684	95
86.7345	86
87.102	91
87.468	85
87.8355	88
88.2016	91
88.569	87
88.9364	84
89.3024	89
89.6698	89
90.0357	78
90.4031	92
90.769	88
91.1363	89
91.5036	89
91.8695	91
92.2368	93
92.6026	87
92.9698	87
93.3356	91
93.7028	88
94.0685	84
94.4357	95
94.8014	89
95.1685	88
95.5342	82
95.9013	90
96.267	91
96.634	90
96.9996	90
97.3666	97
97.7322	99
98.0992	116
98.4647	112
98.8317	96
99.1972	88
99.5641	88
99.9296	84
100.296	84
100.662	84
101.027	86
101.394	92
101.76	92
102.126	89
102.492	90
102.858	93
103.224	87
103.589	90
103.956	89
104.321	86
104.688	87
105.053	79
105.418	84
105.785	91
106.15	89
106.515	85
106.882	84
107.247	92
107.613	92
107.978	93
108.343	89
108.71	91
109.075	98
109.44	86
109.806	84
110.171	91
110.536	95
110.903	81
111.268	93
111.633	90
111.999	83
112.364	83
112.729	89
113.093	86
113.46	85
113.825	91
114.189	93
114.555	89
114.92	94
115.285	84
115.65	82
116.016	90
116.381	87
116.745	83
117.11	89
117.476	81
117.841	86
118.205	95
118.57	85
118.936	87
119.3	95
119.665	83
120.029	86
120.394	80
120.76	93
121.124	85
121.489	88
121.853	73
122.217	96
122.583	83
122.948	94
123.312	90
123.676	86
124.041	95
124.406	91
124.771	91
125.135	85
125.499	85
125.863	84
126.228	93
126.592	91
126.957	82
127.322	87
127.686	88
128.05	92
128.414	84
128.778	83
129.142	91
129.506	89
129.87	88
130.236	97
130.6	94
130.964	89
131.328	90
131.692	91
132.056	90
132.419	88
132.783	88
133.147	84
133.511	89
133.875	89
134.239	88
134.603	99
134.966	89
135.33	89
135.694	87
136.058	97
136.421	93
136.785	88
137.149	88
137.514	85
137.878	86
138.241	93
138.603	87
138.967	79
139.331	82
139.694	90
140.058	85
140.421	90
140.785	91
141.148	85
141.512	86
141.875	91
142.239	92
142.602	91
142.966	82
143.329	95
143.692	91
144.056	90
144.419	85
144.782	92
145.146	90
145.509	88
145.871	91
146.234	93
146.597	87
146.961	88
147.324	83
147.687	87
148.05	94
148.413	85
148.777	101
149.138	92
149.501	95
149.864	89
150.228	89
150.591	89
150.954	92
151.317	91
151.678	89
152.041	93
152.404	92
152.767	90
153.13	91
153.492	88
153.854	94
154.217	88
154.58	92
154.943	98
155.304	100
155.667	98
156.03	111
156.393	108
156.756	112
157.117	116
157.48	110
157.842	115
158.205	107
158.566	112
158.929	97
159.292	95
159.654	100
160.015	98
160.378	93
160.741	92
161.103	95
161.464	106
161.827	100
162.189	97
162.55	89
162.913	94
163.275	90
163.638	88
163.999	91
164.361	86
164.724	92
165.085	94
165.447	94
165.809	97
166.17	101
166.532	93
166.895	82
167.256	97
167.618	82
167.979	87
168.341	95
168.703	94
169.064	92
169.426	98
169.788	95
170.149	95
170.511	86
170.872	91
171.234	89
171.596	91
171.956	88
172.318	93
172.679	94
173.041	87
173.401	94
173.763	97
174.125	99
174.486	94
174.848	86
175.208	100
175.57	92
175.931	89
176.292	94
176.653	91
177.015	92
177.375	90
177.737	95
178.098	93
178.459	98
178.821	97
179.181	108
179.542	96
179.903	90
180.264	92
180.625	93
180.985	105
181.346	97
181.707	99
182.068	104
182.428	103
182.79	102
183.15	96
183.511	99
183.871	105
184.233	110
184.593	104
184.953	100
185.314	114
185.674	100
186.036	114
186.396	119
186.757	115
187.117	116
187.477	113
187.838	113
188.198	112
188.559	111
188.919	111
189.279	104
189.64	113
190	119
190.359	99
190.721	108
191.08	106
191.44	113
191.801	107
192.161	110
192.52	113
192.882	120
193.241	118
193.601	114
193.962	133
194.321	111
194.681	111
195.042	118
195.401	117
195.761	111
196.122	108
196.481	113
196.841	106
197.2	111
197.561	100
197.92	109
198.28	112
198.639	104
199	121
199.359	117
199.718	116
200.078	114
200.438	107
200.798	114
201.157	110
201.516	114
201.877	113
202.236	116
202.595	114
202.954	106
203.313	105
203.674	107
204.033	110
204.392	108
204.751	113
205.11	120
205.471	117
205.83	112
206.189	116
206.548	115
206.907	125
207.266	130
207.626	140
207.985	126
208.344	135
208.703	135
209.062	141
209.42	146
209.779	146
210.138	160
210.498	161
210.857	159
211.216	170
211.575	171
211.933	157
212.292	157
212.651	160
213.01	151
213.368	149
213.727	138
214.085	140
214.444	142
214.804	129
215.163	124
215.521	119
215.88	129
216.238	117
216.597	115
216.955	121
217.314	122
217.672	110
218.031	107
218.389	99
218.748	109
219.106	93
219.464	102
219.823	111
220.181	110
220.539	98
220.898	108
221.256	91
221.614	106
221.973	105
222.331	105
222.689	101
223.047	103
223.405	100
223.762	96
224.12	102
224.479	93
224.837	100
225.195	100
225.553	103
225.911	96
226.269	97
226.627	99
226.985	94
227.343	101
227.701	110
228.058	105
228.416	105
228.773	104
229.131	103
229.489	108
229.847	107
230.205	100
230.563	107
230.919	103
231.277	115
231.635	108
231.993	101
232.351	109
232.708	105
233.065	105
233.422	118
233.78	103
234.138	111
234.495	112
234.852	111
235.209	114
235.567	115
235.925	124
236.282	118
236.638	125
236.996	109
237.353	116
237.711	120
238.067	128
238.425	111
238.782	125
239.139	129
239.495	119
239.853	116
240.21	122
240.568	121
240.924	118
241.281	117
241.638	119
241.996	124
242.352	115
242.709	118
243.066	120
243.422	116
243.779	113
244.136	106
244.492	121
244.849	115
245.207	121
245.562	122
245.919	119
246.277	125
246.632	122
246.989	129
247.346	126
247.702	111
248.059	121
248.416	123
248.772	126
249.129	135
249.484	128
249.841	131
250.198	125
250.554	129
250.911	133
251.266	126
251.623	132
251.98	130
252.335	129
252.692	137
253.047	140
253.404	168
253.76	157
254.116	148
254.473	155
254.828	138
255.185	145
255.54	154
255.897	154
256.252	147
256.609	151
256.964	135
257.321	154
257.676	144
258.032	152
258.388	147
258.744	147
259.099	130
259.456	129
259.811	117
260.167	131
260.522	129
260.879	122
261.234	119
261.59	111
261.945	119
262.301	117
262.656	119
263.011	123
263.368	119
263.723	117
264.079	122
264.434	114
264.79	107
265.145	112
265.5	106
265.856	109
266.211	107
266.567	108
266.921	101
267.276	114
267.632	106
267.987	97
268.342	114
268.698	104
269.052	110
269.408	104
269.763	99
270.118	110
270.474	108
270.828	101
271.183	103
271.539	104
271.893	107
272.248	95
272.604	97
272.958	101
273.312	97
273.667	102
274.023	113
274.377	103
274.731	99
275.087	100
275.442	104
275.796	99
276.15	104
276.506	100
276.86	92
277.214	106
277.569	99
277.924	99
278.279	92
278.633	96
278.987	95
279.342	104
279.697	97
280.051	99
280.405	90
280.759	98
281.114	98
281.469	95
281.823	93
282.177	97
282.531	99
282.886	99
283.24	95
283.594	93
283.948	89
284.302	103
284.656	97
285.011	94
285.365	98
285.719	99
286.073	97
286.427	100
286.78	106
287.134	95
287.489	106
287.843	92
288.197	100
288.551	102
288.904	104
289.258	103
289.612	99
289.965	99
290.319	91
290.673	101
291.026	95
291.381	109
291.735	101
292.088	101
292.442	100
292.795	100
293.149	96
293.503	110
293.856	96
294.209	91
294.563	108
294.916	103
295.27	102
295.623	97
295.977	101
296.33	90
296.683	93
297.037	102
297.39	102
297.743	102
298.097	95
298.45	104
298.803	106
299.156	106
299.51	102
299.863	102
300.216	103
300.569	98
300.922	96
301.275	99
301.627	103
301.98	101
302.333	100
302.686	102
303.039	108
303.392	101
303.746	104
304.099	106
304.452	106
304.804	108
305.156	97
305.509	93
305.862	113
306.215	108
306.568	115
306.921	105
307.273	114
307.626	105
307.978	114
308.331	110
308.683	119
309.036	122
309.389	130
309.742	126
310.093	129
310.446	134
310.798	131
311.151	135
311.504	134
311.855	141
312.208	131
312.56	141
312.913	123
313.265	119
313.617	116
313.969	135
314.322	127
314.674	115
315.025	121
315.378	117
315.73	120
316.083	121
316.434	116
316.786	109
317.138	123
317.489	108
317.842	109
318.194	104
318.547	100
318.897	110
319.25	107
319.602	105
319.953	104
320.305	100
320.657	110
321.008	98
321.36	99
321.713	102
322.063	101
322.416	107
322.768	94
323.118	104
323.471	94
323.823	100
324.173	103
324.525	101
324.876	97
325.228	96
325.58	108
325.931	94
326.283	93
326.633	91
326.985	93
327.337	105
327.688	96
328.039	93
328.39	99
328.742	102
329.094	93
329.444	101
329.796	92
330.146	97
330.498	87
330.848	91
331.2	99
331.551	89
331.902	93
332.253	95
332.604	91
332.954	98
333.306	95
333.656	96
334.008	93
334.358	92
334.71	97
335.06	88
335.411	87
335.762	94
336.113	92
