39.5698	109.5
39.941	113.5
40.3108	94.5
40.6805	99.5
41.0503	106.5
41.42	105.5
41.7897	101.5
42.1593	98.5
42.529	100.5
42.9001	96.5
43.2697	88.5
43.6393	104.5
44.0089	95.5
44.3784	100.5
44.748	92.5
45.1175	96.5
45.487	97.5
45.8565	102.5
46.226	104.5
46.5955	100.5
46.9649	103.5
47.3343	98.5
47.7052	96.5
48.0746	96.5
48.4439	97.5
48.8133	103.5
49.1826	108.5
49.5519	106.5
49.9212	111.5
50.2905	99.5
50.6598	98.5
51.029	110.5
51.3982	102.5
51.7675	119.5
52.1366	117.5
52.5058	127.5
52.875	139.5
53.2441	158.5
53.6132	200.5
53.9823	267.5
54.3514	259.5
54.7205	285.5
55.0895	339.5
55.4586	617.5
55.8276	987.5
56.1966	909.5
56.5641	538.5
56.9331	241.5
57.302	174.5
57.671	125.5
58.0399	126.5
58.4088	114.5
58.7776	103.5
59.1465	106.5
59.5153	129.5
59.8841	142.5
60.2529	160.5
60.6217	176.5
60.9905	160.5
61.3578	137.5
61.7265	118.5
62.0953	113.5
62.464	112.5
62.8326	115.5
63.2013	136.5
63.5699	134.5
63.9386	128.5
64.3057	130.5
64.6743	117.5
65.0429	113.5
65.4114	106.5
65.78	104.5
66.1485	101.5
66.517	106.5
66.884	97.5
67.2525	95.5
67.621	89.5
67.9894	88.5
68.3578	95.5
68.7248	89.5
69.0931	90.5
69.4615	84.5
69.8299	92.5
70.1982	87.5
70.565	94.5
70.9333	98.5
71.3016	90.5
71.6699	102.5
72.0381	95.5
72.4049	90.5
72.7731	99.5
73.1413	94.5
73.5094	101.5
73.8762	101.5
74.2443	98.5
74.6124	104.5
74.9805	98.5
75.3471	90.5
75.7152	104.5
76.0832	93.5
76.4513	87.5
76.8178	85.5
77.1858	88.5
77.5538	97.5
77.9203	83.5
78.2883	89.5
78.6562	88.5
79.0241	93.5
79.3905	100.5
79.7584	94.5
80.1262	78.5
80.4926	84.5
80.8605	82.5
81.2282	81.5
81.5946	79.5
81.9624	89.5
82.3301	82.5
82.6964	87.5
83.0641	86.5
83.4318	85.5
83.798	92.5
84.1657	87.5
84.5319	90.5
84.8995	87.5
85.2671	87.5
85.6333	86.5
86.0008	92.5
86.3684	92.5
86.7345	95.5
87.102	95.5
87.468	86.5
87.8355	93.5
88.2016	95.5
88.569	84.5
88.9364	92.5
89.3024	86.5
89.6698	95.5
90.0357	86.5
90.4031	88.5
90.769	91.5
91.1363	91.5
91.5036	88.5
91.8695	84.5
92.2368	89.5
92.6026	86.5
92.9698	93.5
93.3356	89.5
93.7028	91.5
94.0685	92.5
94.4357	95.5
94.8014	92.5
95.1685	84.5
95.5342	87.5
95.9013	83.5
96.267	91.5
96.634	93.5
96.9996	81.5
97.3666	95.5
97.7322	104.5
98.0992	121.5
98.4647	103.5
98.8317	91.5
99.1972	88.5
99.5641	87.5
99.9296	90.5
100.296	88.5
100.662	90.5
101.027	89.5
101.394	84.5
101.76	87.5
102.126	91.5
102.492	89.5
102.858	95.5
103.224	89.5
103.589	88.5
103.956	84.5
104.321	94.5
104.688	86.5
105.053	84.5
105.418	82.5
105.785	83.5
106.15	87.5
106.515	97.5
106.882	87.5
107.247	96.5
107.613	89.5
107.978	87.5
108.343	91.5
108.71	97.5
109.075	90.5
109.44	103.5
109.806	93.5
110.171	94.5
110.536	100.5
110.903	90.5
111.268	85.5
111.633	94.5
111.999	91.5
112.364	87.5
112.729	90.5
113.093	89.5
113.46	90.5
113.825	92.5
114.189	91.5
114.555	93.5
114.92	89.5
115.285	90.5
115.65	88.5
116.016	98.5
116.381	85.5
116.745	92.5
117.11	93.5
117.476	92.5
117.841	87.5
118.205	92.5
118.57	87.5
118.936	85.5
119.3	91.5
119.665	83.5
120.029	90.5
120.394	90.5
120.76	92.5
121.124	95.5
121.489	96.5
121.853	89.5
122.217	87.5
122.583	95.5
122.948	88.5
123.312	93.5
123.676	92.5
124.041	91.5
124.406	90.5
124.771	85.5
125.135	87.5
125.499	93.5
125.863	90.5
126.228	80.5
126.592	89.5
126.957	90.5
127.322	86.5
127.686	97.5
128.05	87.5
128.414	88.5
128.778	85.5
129.142	91.5
129.506	89.5
129.87	87.5
130.236	90.5
130.6	89.5
130.964	92.5
131.328	91.5
131.692	92.5
132.056	90.5
132.419	91.5
132.783	83.5
133.147	85.5
133.511	94.5
133.875	98.5
134.239	89.5
134.603	87.5
134.966	95.5
135.33	90.5
135.694	96.5
136.058	91.5
136.421	92.5
136.785	90.5
137.149	90.5
137.514	92.5
137.878	91.5
138.241	88.5
138.603	98.5
138.967	88.5
139.331	90.5
139.694	93.5
140.058	85.5
140.421	81.5
140.785	93.5
141.148	92.5
141.512	89.5
141.875	96.5
142.239	92.5
142.602	89.5
142.966	91.5
143.329	90.5
143.692	87.5
144.056	95.5
144.419	89.5
144.782	90.5
145.146	88.5
145.509	89.5
145.871	90.5
146.234	85.5
146.597	92.5
146.961	93.5
147.324	86.5
147.687	90.5
148.05	90.5
148.413	85.5
148.777	86.5
149.138	100.5
149.501	81.5
149.864	86.5
150.228	88.5
150.591	98.5
150.954	90.5
151.317	85.5
151.678	93.5
152.041	91.5
152.404	94.5
152.767	92.5
153.13	95.5
153.492	95.5
153.854	93.5
154.217	83.5
154.58	101.5
154.943	107.5
155.304	90.5
155.667	103.5
156.03	109.5
156.393	106.5
156.756	108.5
157.117	106.5
157.48	115.5
157.842	119.5
158.205	104.5
158.566	99.5
158.929	97.5
159.292	101.5
159.654	101.5
160.015	90.5
160.378	94.5
160.741	99.5
161.103	93.5
161.464	94.5
161.827	91.5
162.189	99.5
162.55	90.5
162.913	99.5
163.275	86.5
163.638	91.5
163.999	93.5
164.361	94.5
164.724	97.5
165.085	87.5
165.447	97.5
165.809	90.5
166.17	89.5
166.532	98.5
166.895	91.5
167.256	89.5
167.618	91.5
167.979	92.5
168.341	92.5
168.703	94.5
169.064	95.5
169.426	96.5
169.788	90.5
170.149	86.5
170.511	99.5
170.872	95.5
171.234	94.5
171.596	86.5
171.956	94.5
172.318	101.5
172.679	101.5
173.041	90.5
173.401	92.5
173.763	90.5
174.125	92.5
174.486	101.5
174.848	99.5
175.208	95.5
175.57	91.5
175.931	98.5
176.292	96.5
176.653	96.5
177.015	96.5
177.375	91.5
177.737	95.5
178.098	89.5
178.459	99.5
178.821	93.5
179.181	94.5
179.542	94.5
179.903	101.5
180.264	101.5
180.625	101.5
180.985	95.5
181.346	106.5
181.707	91.5
182.068	93.5
182.428	96.5
182.79	105.5
183.15	97.5
183.511	101.5
183.871	101.5
184.233	97.5
184.593	107.5
184.953	90.5
185.314	98.5
185.674	102.5
186.036	97.5
186.396	100.5
186.757	109.5
187.117	103.5
187.477	103.5
187.838	100.5
188.198	98.5
188.559	110.5
188.919	109.5
189.279	105.5
189.64	103.5
190	106.5
190.359	100.5
190.721	100.5
191.08	109.5
191.44	113.5
191.801	102.5
192.161	113.5
192.52	109.5
192.882	105.5
193.241	111.5
193.601	110.5
193.962	108.5
194.321	98.5
194.681	118.5
195.042	118.5
195.401	108.5
195.761	116.5
196.122	106.5
196.481	111.5
196.841	97.5
197.2	111.5
197.561	105.5
197.92	107.5
198.28	104.5
198.639	106.5
199	108.5
199.359	113.5
199.718	105.5
200.078	106.5
200.438	114.5
200.798	112.5
201.157	109.5
201.516	120.5
201.877	109.5
202.236	111.5
202.595	109.5
202.954	111.5
203.313	115.5
203.674	132.5
204.033	112.5
204.392	111.5
204.751	128.5
205.11	121.5
205.471	117.5
205.83	107.5
206.189	107.5
206.548	120.5
206.907	118.5
207.266	130.5
207.626	119.5
207.985	137.5
208.344	148.5
208.703	145.5
209.062	145.5
209.42	144.5
209.779	147.5
210.138	169.5
210.498	163.5
210.857	177.5
211.216	167.5
211.575	173.5
211.933	168.5
212.292	165.5
212.651	156.5
213.01	164.5
213.368	162.5
213.727	138.5
214.085	152.5
214.444	138.5
214.804	138.5
215.163	117.5
215.521	124.5
215.88	114.5
216.238	121.5
216.597	112.5
216.955	119.5
217.314	115.5
217.672	109.5
218.031	101.5
218.389	116.5
218.748	109.5
219.106	110.5
219.464	109.5
219.823	102.5
220.181	105.5
220.539	102.5
220.898	99.5
221.256	101.5
221.614	98.5
221.973	96.5
222.331	105.5
222.689	98.5
223.047	110.5
223.405	103.5
223.762	99.5
224.12	96.5
224.479	100.5
224.837	100.5
225.195	98.5
225.553	92.5
225.911	102.5
226.269	106.5
226.627	92.5
226.985	98.5
227.343	102.5
227.701	105.5
228.058	95.5
228.416	95.5
228.773	101.5
229.131	107.5
229.489	98.5
229.847	106.5
230.205	106.5
230.563	102.5
230.919	96.5
231.277	102.5
231.635	96.5
231.993	105.5
232.351	105.5
232.708	102.5
233.065	108.5
233.422	108.5
233.78	98.5
234.138	103.5
234.495	110.5
234.852	93.5
235.209	103.5
235.567	106.5
235.925	106.5
236.282	118.5
236.638	111.5
236.996	102.5
237.353	105.5
237.711	112.5
238.067	105.5
238.425	111.5
238.782	106.5
239.139	114.5
239.495	106.5
239.853	113.5
240.21	104.5
240.568	105.5
240.924	112.5
241.281	118.5
241.638	109.5
241.996	105.5
242.352	100.5
242.709	101.5
243.066	103.5
243.422	107.5
243.779	106.5
244.136	115.5
244.492	110.5
244.849	110.5
245.207	113.5
245.562	101.5
245.919	109.5
246.277	111.5
246.632	113.5
246.989	108.5
247.346	113.5
247.702	116.5
248.059	121.5
248.416	110.5
248.772	123.5
249.129	128.5
249.484	128.5
249.841	130.5
250.198	127.5
250.554	130.5
250.911	130.5
251.266	143.5
251.623	128.5
251.98	134.5
252.335	138.5
252.692	147.5
253.047	153.5
253.404	143.5
253.76	157.5
254.116	154.5
254.473	147.5
254.828	151.5
255.185	143.5
255.54	151.5
255.897	155.5
256.252	165.5
256.609	160.5
256.964	153.5
257.321	145.5
257.676	140.5
258.032	145.5
258.388	150.5
258.744	140.5
259.099	133.5
259.456	135.5
259.811	128.5
260.167	117.5
260.522	131.5
260.879	126.5
261.234	123.5
261.59	121.5
261.945	117.5
262.301	114.5
262.656	111.5
263.011	112.5
263.368	115.5
263.723	118.5
264.079	110.5
264.434	118.5
264.79	114.5
265.145	105.5
265.5	111.5
265.856	108.5
266.211	103.5
266.567	113.5
266.921	106.5
267.276	101.5
267.632	104.5
267.987	104.5
268.342	100.5
268.698	101.5
269.052	97.5
269.408	102.5
269.763	106.5
270.118	110.5
270.474	101.5
270.828	108.5
271.183	98.5
271.539	99.5
271.893	107.5
272.248	99.5
272.604	97.5
272.958	103.5
273.312	89.5
273.667	100.5
274.023	98.5
274.377	98.5
274.731	100.5
275.087	86.5
275.442	96.5
275.796	99.5
276.15	90.5
276.506	101.5
276.86	98.5
277.214	103.5
277.569	98.5
277.924	100.5
278.279	94.5
278.633	94.5
278.987	96.5
279.342	103.5
279.697	98.5
280.051	97.5
280.405	94.5
280.759	89.5
281.114	95.5
281.469	96.5
281.823	100.5
282.177	100.5
282.531	101.5
282.886	102.5
283.24	96.5
283.594	92.5
283.948	101.5
284.302	100.5
284.656	95.5
285.011	90.5
285.365	90.5
285.719	97.5
286.073	95.5
286.427	97.5
286.78	102.5
287.134	98.5
287.489	97.5
287.843	95.5
288.197	93.5
288.551	96.5
288.904	94.5
289.258	93.5
289.612	100.5
289.965	95.5
290.319	94.5
290.673	95.5
291.026	91.5
291.381	98.5
291.735	108.5
292.088	91.5
292.442	94.5
292.795	97.5
293.149	95.5
293.503	91.5
293.856	95.5
294.209	101.5
294.563	95.5
294.916	100.5
295.27	95.5
295.623	94.5
295.977	95.5
296.33	102.5
296.683	90.5
297.037	100.5
297.39	101.5
297.743	95.5
298.097	103.5
298.45	98.5
298.803	107.5
299.156	104.5
299.51	88.5
299.863	99.5
300.216	89.5
300.569	96.5
300.922	98.5
301.275	103.5
301.627	111.5
301.98	102.5
302.333	103.5
302.686	103.5
303.039	98.5
303.392	99.5
303.746	98.5
304.099	105.5
304.452	94.5
304.804	100.5
305.156	97.5
305.509	107.5
305.862	106.5
306.215	102.5
306.568	112.5
306.921	106.5
307.273	106.5
307.626	107.5
307.978	110.5
308.331	112.5
308.683	121.5
309.036	121.5
309.389	124.5
309.742	139.5
310.093	130.5
310.446	126.5
310.798	138.5
311.151	144.5
311.504	136.5
311.855	129.5
312.208	133.5
312.56	138.5
312.913	129.5
313.265	119.5
313.617	119.5
313.969	121.5
314.322	126.5
314.674	112.5
315.025	118.5
315.378	121.5
315.73	126.5
316.083	124.5
316.434	113.5
316.786	113.5
317.138	114.5
317.489	110.5
317.842	112.5
318.194	113.5
318.547	112.5
318.897	116.5
319.25	105.5
319.602	103.5
319.953	108.5
320.305	99.5
320.657	105.5
321.008	104.5
321.36	107.5
321.713	98.5
322.063	104.5
322.416	98.5
322.768	101.5
323.118	101.5
323.471	95.5
323.823	98.5
324.173	95.5
324.525	98.5
324.876	99.5
325.228	93.5
325.58	100.5
325.931	96.5
326.283	91.5
326.633	101.5
326.985	95.5
327.337	96.5
327.688	92.5
328.039	98.5
328.39	94.5
328.742	96.5
329.094	96.5
329.444	96.5
329.796	89.5
330.146	90.5
330.498	98.5
330.848	94.5
331.2	94.5
331.551	85.5
331.902	93.5
332.253	100.5
332.604	88.5
332.954	91.5
333.306	98.5
333.656	91.5
334.008	94.5
334.358	96.5
334.71	98.5
335.06	92.5
335.411	93.5
335.762	97.5
336.113	102.5
