39.5698	137
39.941	124
40.3108	124
40.6805	112
41.0503	125
41.42	118
41.7897	117
42.1593	104
42.529	116
42.9001	109
43.2697	118
43.6393	114
44.0089	108
44.3784	118
44.748	116
45.1175	113
45.487	109
45.8565	104
46.226	113
46.5955	94
46.9649	110
47.3343	107
47.7052	108
48.0746	115
48.4439	110
48.8133	144
49.1826	158
49.5519	131
49.9212	116
50.2905	115
50.6598	122
51.029	128
51.3982	120
51.7675	120
52.1366	130
52.5058	151
52.875	155
53.2441	178
53.6132	231
53.9823	241
54.3514	242
54.7205	194
55.0895	185
55.4586	257
55.8276	361
56.1966	350
56.5641	252
56.9331	173
57.302	172
57.671	168
58.0399	184
58.4088	192
58.7776	231
59.1465	298
59.5153	411
59.8841	616
60.2529	617
60.6217	487
60.9905	362
61.3578	345
61.7265	392
62.0953	451
62.464	573
62.8326	778
63.2013	1052
63.5699	1257
63.9386	1218
64.3057	1013
64.6743	791
65.0429	689
65.4114	596
65.78	572
66.1485	471
66.517	386
66.884	278
67.2525	212
67.621	191
67.9894	178
68.3578	158
68.7248	155
69.0931	142
69.4615	132
69.8299	125
70.1982	121
70.565	118
70.9333	128
71.3016	128
71.6699	137
72.0381	141
72.4049	128
72.7731	176
73.1413	190
73.5094	233
73.8762	312
74.2443	360
74.6124	360
74.9805	324
75.3471	237
75.7152	176
76.0832	131
76.4513	125
76.8178	117
77.1858	107
77.5538	110
77.9203	116
78.2883	117
78.6562	118
79.0241	93
79.3905	102
79.7584	101
80.1262	101
80.4926	103
80.8605	97
81.2282	97
81.5946	94
81.9624	95
82.3301	97
82.6964	97
83.0641	100
83.4318	101
83.798	93
84.1657	90
84.5319	94
84.8995	109
85.2671	100
85.6333	94
86.0008	102
86.3684	97
86.7345	102
87.102	105
87.468	99
87.8355	96
88.2016	110
88.569	103
88.9364	97
89.3024	123
89.6698	124
90.0357	140
90.4031	143
90.769	143
91.1363	137
91.5036	113
91.8695	104
92.2368	118
92.6026	107
92.9698	98
93.3356	99
93.7028	91
94.0685	93
94.4357	94
94.8014	97
95.1685	97
95.5342	102
95.9013	106
96.267	106
96.634	105
96.9996	98
97.3666	101
97.7322	143
98.0992	202
98.4647	174
98.8317	122
99.1972	97
99.5641	104
99.9296	92
100.296	88
100.662	88
101.027	100
101.394	90
101.76	97
102.126	87
102.492	105
102.858	95
103.224	90
103.589	99
103.956	100
104.321	90
104.688	110
105.053	103
105.418	103
105.785	93
106.15	96
106.515	97
106.882	100
107.247	84
107.613	96
107.978	91
108.343	102
108.71	88
109.075	95
109.44	97
109.806	100
110.171	97
110.536	91
110.903	94
111.268	105
111.633	98
111.999	95
112.364	93
112.729	102
113.093	100
113.46	93
113.825	91
114.189	95
114.555	91
114.92	88
115.285	88
115.65	99
116.016	95
116.381	86
116.745	91
117.11	87
117.476	102
117.841	98
118.205	99
118.57	93
118.936	96
119.3	92
119.665	90
120.029	88
120.394	88
120.76	90
121.124	91
121.489	85
121.853	92
122.217	97
122.583	87
122.948	88
123.312	103
123.676	91
124.041	89
124.406	89
124.771	96
125.135	85
125.499	94
125.863	82
126.228	89
126.592	93
126.957	88
127.322	84
127.686	96
128.05	84
128.414	99
128.778	95
129.142	94
129.506	89
129.87	93
130.236	93
130.6	96
130.964	100
131.328	91
131.692	95
132.056	88
132.419	91
132.783	100
133.147	92
133.511	90
133.875	93
134.239	99
134.603	98
134.966	96
135.33	94
135.694	81
136.058	89
136.421	98
136.785	95
137.149	98
137.514	101
137.878	94
138.241	85
138.603	85
138.967	90
139.331	83
139.694	89
140.058	88
140.421	93
140.785	91
141.148	87
141.512	91
141.875	95
142.239	104
142.602	95
142.966	95
143.329	94
143.692	89
144.056	85
144.419	91
144.782	94
145.146	97
145.509	90
145.871	87
146.234	100
146.597	89
146.961	89
147.324	89
147.687	84
148.05	98
148.413	84
148.777	93
149.138	94
149.501	89
149.864	90
150.228	95
150.591	92
150.954	92
151.317	98
151.678	91
152.041	90
152.404	89
152.767	90
153.13	95
153.492	93
153.854	95
154.217	94
154.58	95
154.943	91
155.304	101
155.667	94
156.03	92
156.393	85
156.756	101
157.117	104
157.48	100
157.842	105
158.205	95
158.566	102
158.929	93
159.292	93
159.654	91
160.015	96
160.378	97
160.741	97
161.103	94
161.464	89
161.827	95
162.189	86
162.55	92
162.913	86
163.275	92
163.638	103
163.999	89
164.361	87
164.724	97
165.085	92
165.447	93
165.809	91
166.17	100
166.532	93
166.895	97
167.256	93
167.618	97
167.979	100
168.341	94
168.703	89
169.064	98
169.426	90
169.788	95
170.149	105
170.511	97
170.872	97
171.234	99
171.596	87
171.956	103
172.318	103
172.679	98
173.041	100
173.401	96
173.763	100
174.125	98
174.486	99
174.848	101
175.208	101
175.57	100
175.931	98
176.292	108
176.653	113
177.015	112
177.375	101
177.737	104
178.098	97
178.459	111
178.821	109
179.181	109
179.542	118
179.903	103
180.264	117
180.625	112
180.985	126
181.346	116
181.707	114
182.068	121
182.428	137
182.79	138
183.15	130
183.511	142
183.871	147
184.233	141
184.593	144
184.953	162
185.314	155
185.674	141
186.036	161
186.396	134
186.757	156
187.117	168
187.477	161
187.838	170
188.198	171
188.559	164
188.919	166
189.279	153
189.64	156
190	139
190.359	151
190.721	131
191.08	140
191.44	135
191.801	123
192.161	134
192.52	134
192.882	116
193.241	121
193.601	117
193.962	126
194.321	130
194.681	115
195.042	111
195.401	106
195.761	110
196.122	110
196.481	124
196.841	112
197.2	120
197.561	120
197.92	118
198.28	115
198.639	116
199	119
199.359	118
199.718	111
200.078	121
200.438	110
200.798	106
201.157	106
201.516	107
201.877	123
202.236	104
202.595	106
202.954	106
203.313	100
203.674	104
204.033	112
204.392	106
204.751	97
205.11	105
205.471	107
205.83	103
206.189	100
206.548	107
206.907	108
207.266	106
207.626	111
207.985	102
208.344	104
208.703	100
209.062	107
209.42	103
209.779	112
210.138	121
210.498	111
210.857	122
211.216	122
211.575	116
211.933	131
212.292	116
212.651	125
213.01	123
213.368	119
213.727	122
214.085	111
214.444	109
214.804	110
215.163	104
215.521	106
215.88	108
216.238	112
216.597	99
216.955	114
217.314	100
217.672	109
218.031	98
218.389	103
218.748	102
219.106	107
219.464	100
219.823	99
220.181	99
220.539	102
220.898	97
221.256	108
221.614	108
221.973	100
222.331	111
222.689	101
223.047	100
223.405	107
223.762	105
224.12	102
224.479	91
224.837	107
225.195	104
225.553	105
225.911	100
226.269	100
226.627	102
226.985	106
227.343	108
227.701	119
228.058	107
228.416	107
228.773	111
229.131	109
229.489	115
229.847	112
230.205	110
230.563	103
230.919	119
231.277	106
231.635	115
231.993	119
232.351	113
232.708	122
233.065	122
233.422	121
233.78	116
234.138	126
234.495	125
234.852	123
235.209	127
235.567	110
235.925	133
236.282	128
236.638	141
236.996	131
237.353	121
237.711	135
238.067	129
238.425	123
238.782	134
239.139	140
239.495	128
239.853	132
240.21	140
240.568	129
240.924	125
241.281	140
241.638	125
241.996	133
242.352	124
242.709	124
243.066	136
243.422	138
243.779	129
244.136	116
244.492	130
244.849	133
245.207	124
245.562	112
245.919	115
246.277	124
246.632	138
246.989	112
247.346	122
247.702	126
248.059	130
248.416	120
248.772	120
249.129	113
249.484	127
249.841	127
250.198	122
250.554	144
250.911	131
251.266	140
251.623	141
251.98	138
252.335	131
252.692	144
253.047	114
253.404	135
253.76	135
254.116	141
254.473	136
254.828	143
255.185	139
255.54	136
255.897	153
256.252	139
256.609	149
256.964	142
257.321	135
257.676	137
258.032	146
258.388	142
258.744	133
259.099	138
259.456	139
259.811	139
260.167	127
260.522	128
260.879	135
261.234	132
261.59	122
261.945	120
262.301	132
262.656	118
263.011	121
263.368	108
263.723	121
264.079	116
264.434	115
264.79	115
265.145	108
265.5	113
265.856	115
266.211	99
266.567	111
266.921	115
267.276	116
267.632	105
267.987	105
268.342	115
268.698	113
269.052	109
269.408	104
269.763	115
270.118	112
270.474	100
270.828	103
271.183	116
271.539	112
271.893	110
272.248	106
272.604	122
272.958	112
273.312	111
273.667	117
274.023	113
274.377	96
274.731	108
275.087	111
275.442	111
275.796	108
276.15	104
276.506	121
276.86	113
277.214	110
277.569	110
277.924	112
278.279	102
278.633	108
278.987	107
279.342	100
279.697	107
280.051	98
280.405	113
280.759	101
281.114	102
281.469	115
281.823	108
282.177	108
282.531	110
282.886	104
283.24	105
283.594	107
283.948	114
284.302	119
284.656	108
285.011	114
285.365	119
285.719	111
286.073	122
286.427	120
286.78	115
287.134	108
287.489	116
287.843	128
288.197	110
288.551	119
288.904	122
289.258	124
289.612	120
289.965	129
290.319	123
290.673	121
291.026	135
291.381	139
291.735	149
292.088	127
292.442	141
292.795	138
293.149	142
293.503	141
293.856	156
294.209	162
294.563	149
294.916	143
295.27	140
295.623	156
295.977	164
296.33	157
296.683	158
297.037	159
297.39	162
297.743	176
298.097	183
298.45	166
298.803	160
299.156	185
299.51	199
299.863	196
300.216	195
300.569	200
300.922	182
301.275	210
301.627	212
301.98	242
302.333	219
302.686	270
303.039	233
303.392	263
303.746	263
304.099	287
304.452	289
304.804	300
305.156	336
305.509	353
305.862	367
306.215	413
306.568	432
306.921	482
307.273	509
307.626	570
307.978	606
308.331	666
308.683	728
309.036	820
309.389	890
309.742	1031
310.093	1054
310.446	1200
310.798	1229
311.151	1348
311.504	1319
311.855	1351
312.208	1276
312.56	1225
312.913	1123
313.265	1083
313.617	952
313.969	823
314.322	769
314.674	695
315.025	661
315.378	623
315.73	571
316.083	492
316.434	511
316.786	455
317.138	446
317.489	435
317.842	396
318.194	374
318.547	357
318.897	358
319.25	320
319.602	295
319.953	278
320.305	282
320.657	271
321.008	269
321.36	249
321.713	239
322.063	227
322.416	212
322.768	213
323.118	219
323.471	207
323.823	206
324.173	178
324.525	188
324.876	179
325.228	173
325.58	177
325.931	170
326.283	171
326.633	179
326.985	173
327.337	167
327.688	177
328.039	146
328.39	157
328.742	158
329.094	152
329.444	157
329.796	143
330.146	148
330.498	150
330.848	138
331.2	137
331.551	136
331.902	128
332.253	135
332.604	150
332.954	143
333.306	134
333.656	140
334.008	143
334.358	136
334.71	123
335.06	134
335.411	125
335.762	132
336.113	141
