39.5698	113.5
39.941	106.5
40.3108	114.5
40.6805	111.5
41.0503	102.5
41.42	105.5
41.7897	100.5
42.1593	100.5
42.529	96.5
42.9001	99.5
43.2697	96.5
43.6393	96.5
44.0089	96.5
44.3784	111.5
44.748	110.5
45.1175	101.5
45.487	105.5
45.8565	102.5
46.226	91.5
46.5955	97.5
46.9649	100.5
47.3343	108.5
47.7052	100.5
48.0746	102.5
48.4439	91.5
48.8133	106.5
49.1826	127.5
49.5519	136.5
49.9212	111.5
50.2905	107.5
50.6598	94.5
51.029	101.5
51.3982	115.5
51.7675	107.5
52.1366	99.5
52.5058	118.5
52.875	111.5
53.2441	113.5
53.6132	144.5
53.9823	162.5
54.3514	193.5
54.7205	187.5
55.0895	204.5
55.4586	304.5
55.8276	521.5
56.1966	654.5
56.5641	543.5
56.9331	253.5
57.302	182.5
57.671	171.5
58.0399	159.5
58.4088	149.5
58.7776	148.5
59.1465	171.5
59.5153	220.5
59.8841	287.5
60.2529	354.5
60.6217	350.5
60.9905	315.5
61.3578	285.5
61.7265	275.5
62.0953	296.5
62.464	414.5
62.8326	493.5
63.2013	669.5
63.5699	833.5
63.9386	815.5
64.3057	710.5
64.6743	605.5
65.0429	470.5
65.4114	384.5
65.78	366.5
66.1485	315.5
66.517	261.5
66.884	211.5
67.2525	156.5
67.621	143.5
67.9894	129.5
68.3578	127.5
68.7248	117.5
69.0931	119.5
69.4615	113.5
69.8299	120.5
70.1982	99.5
70.565	110.5
70.9333	120.5
71.3016	112.5
71.6699	107.5
72.0381	111.5
72.4049	119.5
72.7731	121.5
73.1413	138.5
73.5094	156.5
73.8762	181.5
74.2443	224.5
74.6124	249.5
74.9805	231.5
75.3471	193.5
75.7152	157.5
76.0832	127.5
76.4513	111.5
76.8178	111.5
77.1858	107.5
77.5538	96.5
77.9203	93.5
78.2883	101.5
78.6562	93.5
79.0241	90.5
79.3905	97.5
79.7584	98.5
80.1262	93.5
80.4926	95.5
80.8605	95.5
81.2282	94.5
81.5946	90.5
81.9624	89.5
82.3301	87.5
82.6964	92.5
83.0641	94.5
83.4318	89.5
83.798	85.5
84.1657	92.5
84.5319	87.5
84.8995	89.5
85.2671	90.5
85.6333	97.5
86.0008	96.5
86.3684	98.5
86.7345	95.5
87.102	99.5
87.468	96.5
87.8355	92.5
88.2016	98.5
88.569	92.5
88.9364	94.5
89.3024	97.5
89.6698	106.5
90.0357	113.5
90.4031	118.5
90.769	114.5
91.1363	114.5
91.5036	108.5
91.8695	99.5
92.2368	105.5
92.6026	101.5
92.9698	94.5
93.3356	95.5
93.7028	91.5
94.0685	92.5
94.4357	86.5
94.8014	98.5
95.1685	99.5
95.5342	94.5
95.9013	93.5
96.267	92.5
96.634	93.5
96.9996	99.5
97.3666	91.5
97.7322	103.5
98.0992	161.5
98.4647	155.5
98.8317	125.5
99.1972	91.5
99.5641	91.5
99.9296	103.5
100.296	98.5
100.662	87.5
101.027	95.5
101.394	88.5
101.76	98.5
102.126	90.5
102.492	94.5
102.858	93.5
103.224	93.5
103.589	99.5
103.956	89.5
104.321	93.5
104.688	93.5
105.053	100.5
105.418	93.5
105.785	91.5
106.15	95.5
106.515	90.5
106.882	87.5
107.247	98.5
107.613	84.5
107.978	89.5
108.343	96.5
108.71	98.5
109.075	98.5
109.44	93.5
109.806	93.5
110.171	101.5
110.536	97.5
110.903	84.5
111.268	96.5
111.633	94.5
111.999	89.5
112.364	102.5
112.729	85.5
113.093	91.5
113.46	87.5
113.825	95.5
114.189	85.5
114.555	88.5
114.92	89.5
115.285	95.5
115.65	97.5
116.016	94.5
116.381	96.5
116.745	93.5
117.11	85.5
117.476	82.5
117.841	83.5
118.205	86.5
118.57	93.5
118.936	90.5
119.3	90.5
119.665	89.5
120.029	81.5
120.394	86.5
120.76	86.5
121.124	81.5
121.489	91.5
121.853	84.5
122.217	81.5
122.583	89.5
122.948	89.5
123.312	82.5
123.676	82.5
124.041	83.5
124.406	93.5
124.771	85.5
125.135	91.5
125.499	85.5
125.863	82.5
126.228	78.5
126.592	81.5
126.957	89.5
127.322	85.5
127.686	86.5
128.05	84.5
128.414	86.5
128.778	92.5
129.142	88.5
129.506	89.5
129.87	76.5
130.236	90.5
130.6	84.5
130.964	89.5
131.328	96.5
131.692	79.5
132.056	84.5
132.419	91.5
132.783	93.5
133.147	88.5
133.511	92.5
133.875	87.5
134.239	88.5
134.603	93.5
134.966	94.5
135.33	90.5
135.694	93.5
136.058	84.5
136.421	88.5
136.785	86.5
137.149	92.5
137.514	85.5
137.878	85.5
138.241	87.5
138.603	87.5
138.967	89.5
139.331	92.5
139.694	85.5
140.058	90.5
140.421	89.5
140.785	89.5
141.148	88.5
141.512	93.5
141.875	92.5
142.239	84.5
142.602	89.5
142.966	92.5
143.329	90.5
143.692	85.5
144.056	89.5
144.419	90.5
144.782	89.5
145.146	96.5
145.509	88.5
145.871	92.5
146.234	90.5
146.597	90.5
146.961	83.5
147.324	84.5
147.687	87.5
148.05	87.5
148.413	87.5
148.777	90.5
149.138	89.5
149.501	85.5
149.864	89.5
150.228	88.5
150.591	85.5
150.954	95.5
151.317	89.5
151.678	87.5
152.041	95.5
152.404	92.5
152.767	88.5
153.13	92.5
153.492	96.5
153.854	94.5
154.217	91.5
154.58	96.5
154.943	92.5
155.304	94.5
155.667	93.5
156.03	97.5
156.393	95.5
156.756	95.5
157.117	99.5
157.48	95.5
157.842	92.5
158.205	94.5
158.566	92.5
158.929	91.5
159.292	97.5
159.654	93.5
160.015	91.5
160.378	91.5
160.741	91.5
161.103	89.5
161.464	90.5
161.827	89.5
162.189	92.5
162.55	87.5
162.913	88.5
163.275	89.5
163.638	92.5
163.999	91.5
164.361	88.5
164.724	97.5
165.085	93.5
165.447	90.5
165.809	88.5
166.17	92.5
166.532	96.5
166.895	90.5
167.256	90.5
167.618	99.5
167.979	88.5
168.341	93.5
168.703	88.5
169.064	88.5
169.426	89.5
169.788	94.5
170.149	97.5
170.511	93.5
170.872	93.5
171.234	101.5
171.596	86.5
171.956	90.5
172.318	104.5
172.679	98.5
173.041	99.5
173.401	97.5
173.763	97.5
174.125	92.5
174.486	96.5
174.848	97.5
175.208	100.5
175.57	101.5
175.931	96.5
176.292	96.5
176.653	106.5
177.015	100.5
177.375	107.5
177.737	103.5
178.098	109.5
178.459	96.5
178.821	100.5
179.181	107.5
179.542	107.5
179.903	102.5
180.264	108.5
180.625	96.5
180.985	98.5
181.346	103.5
181.707	115.5
182.068	108.5
182.428	113.5
182.79	114.5
183.15	117.5
183.511	116.5
183.871	124.5
184.233	121.5
184.593	128.5
184.953	123.5
185.314	141.5
185.674	134.5
186.036	128.5
186.396	130.5
186.757	135.5
187.117	132.5
187.477	129.5
187.838	137.5
188.198	132.5
188.559	129.5
188.919	128.5
189.279	136.5
189.64	133.5
190	132.5
190.359	112.5
190.721	128.5
191.08	127.5
191.44	122.5
191.801	119.5
192.161	116.5
192.52	118.5
192.882	107.5
193.241	112.5
193.601	121.5
193.962	118.5
194.321	101.5
194.681	110.5
195.042	111.5
195.401	110.5
195.761	116.5
196.122	113.5
196.481	115.5
196.841	103.5
197.2	114.5
197.561	106.5
197.92	102.5
198.28	117.5
198.639	101.5
199	114.5
199.359	107.5
199.718	111.5
200.078	107.5
200.438	99.5
200.798	100.5
201.157	108.5
201.516	101.5
201.877	98.5
202.236	98.5
202.595	101.5
202.954	106.5
203.313	105.5
203.674	102.5
204.033	100.5
204.392	102.5
204.751	108.5
205.11	107.5
205.471	109.5
205.83	110.5
206.189	109.5
206.548	105.5
206.907	114.5
207.266	113.5
207.626	113.5
207.985	119.5
208.344	123.5
208.703	116.5
209.062	116.5
209.42	128.5
209.779	122.5
210.138	140.5
210.498	137.5
210.857	141.5
211.216	132.5
211.575	144.5
211.933	132.5
212.292	141.5
212.651	147.5
213.01	149.5
213.368	150.5
213.727	123.5
214.085	124.5
214.444	116.5
214.804	127.5
215.163	126.5
215.521	113.5
215.88	116.5
216.238	110.5
216.597	110.5
216.955	98.5
217.314	96.5
217.672	107.5
218.031	100.5
218.389	101.5
218.748	97.5
219.106	98.5
219.464	106.5
219.823	96.5
220.181	104.5
220.539	96.5
220.898	98.5
221.256	92.5
221.614	99.5
221.973	101.5
222.331	98.5
222.689	98.5
223.047	98.5
223.405	99.5
223.762	93.5
224.12	103.5
224.479	98.5
224.837	104.5
225.195	104.5
225.553	100.5
225.911	96.5
226.269	98.5
226.627	101.5
226.985	95.5
227.343	108.5
227.701	99.5
228.058	100.5
228.416	107.5
228.773	102.5
229.131	108.5
229.489	101.5
229.847	102.5
230.205	97.5
230.563	100.5
230.919	112.5
231.277	108.5
231.635	108.5
231.993	114.5
232.351	110.5
232.708	109.5
233.065	108.5
233.422	108.5
233.78	113.5
234.138	111.5
234.495	104.5
234.852	123.5
235.209	126.5
235.567	114.5
235.925	116.5
236.282	129.5
236.638	120.5
236.996	132.5
237.353	124.5
237.711	135.5
238.067	125.5
238.425	134.5
238.782	118.5
239.139	131.5
239.495	133.5
239.853	139.5
240.21	139.5
240.568	142.5
240.924	131.5
241.281	131.5
241.638	137.5
241.996	126.5
242.352	127.5
242.709	120.5
243.066	127.5
243.422	132.5
243.779	115.5
244.136	128.5
244.492	119.5
244.849	114.5
245.207	122.5
245.562	124.5
245.919	127.5
246.277	129.5
246.632	117.5
246.989	123.5
247.346	125.5
247.702	122.5
248.059	132.5
248.416	118.5
248.772	125.5
249.129	118.5
249.484	135.5
249.841	122.5
250.198	131.5
250.554	127.5
250.911	124.5
251.266	124.5
251.623	121.5
251.98	135.5
252.335	137.5
252.692	141.5
253.047	142.5
253.404	133.5
253.76	124.5
254.116	147.5
254.473	131.5
254.828	143.5
255.185	136.5
255.54	141.5
255.897	134.5
256.252	140.5
256.609	143.5
256.964	146.5
257.321	141.5
257.676	137.5
258.032	144.5
258.388	142.5
258.744	139.5
259.099	123.5
259.456	138.5
259.811	132.5
260.167	127.5
260.522	124.5
260.879	123.5
261.234	129.5
261.59	126.5
261.945	116.5
262.301	122.5
262.656	129.5
263.011	116.5
263.368	113.5
263.723	126.5
264.079	121.5
264.434	116.5
264.79	104.5
265.145	115.5
265.5	115.5
265.856	113.5
266.211	112.5
266.567	113.5
266.921	118.5
267.276	111.5
267.632	107.5
267.987	110.5
268.342	106.5
268.698	117.5
269.052	113.5
269.408	113.5
269.763	103.5
270.118	106.5
270.474	106.5
270.828	100.5
271.183	106.5
271.539	106.5
271.893	106.5
272.248	104.5
272.604	102.5
272.958	107.5
273.312	98.5
273.667	100.5
274.023	103.5
274.377	101.5
274.731	107.5
275.087	111.5
275.442	98.5
275.796	101.5
276.15	100.5
276.506	109.5
276.86	92.5
277.214	103.5
277.569	93.5
277.924	115.5
278.279	104.5
278.633	101.5
278.987	110.5
279.342	93.5
279.697	104.5
280.051	100.5
280.405	103.5
280.759	102.5
281.114	111.5
281.469	105.5
281.823	105.5
282.177	94.5
282.531	106.5
282.886	96.5
283.24	97.5
283.594	103.5
283.948	99.5
284.302	100.5
284.656	98.5
285.011	105.5
285.365	105.5
285.719	101.5
286.073	97.5
286.427	108.5
286.78	102.5
287.134	104.5
287.489	119.5
287.843	111.5
288.197	104.5
288.551	108.5
288.904	105.5
289.258	116.5
289.612	127.5
289.965	110.5
290.319	106.5
290.673	116.5
291.026	126.5
291.381	125.5
291.735	119.5
292.088	120.5
292.442	123.5
292.795	114.5
293.149	126.5
293.503	126.5
293.856	130.5
294.209	124.5
294.563	140.5
294.916	132.5
295.27	130.5
295.623	138.5
295.977	148.5
296.33	149.5
296.683	151.5
297.037	138.5
297.39	138.5
297.743	156.5
298.097	158.5
298.45	161.5
298.803	160.5
299.156	159.5
299.51	153.5
299.863	157.5
300.216	164.5
300.569	169.5
300.922	185.5
301.275	182.5
301.627	187.5
301.98	197.5
302.333	172.5
302.686	206.5
303.039	224.5
303.392	206.5
303.746	243.5
304.099	225.5
304.452	216.5
304.804	264.5
305.156	269.5
305.509	309.5
305.862	307.5
306.215	320.5
306.568	350.5
306.921	378.5
307.273	395.5
307.626	436.5
307.978	467.5
308.331	542.5
308.683	539.5
309.036	639.5
309.389	649.5
309.742	764.5
310.093	790.5
310.446	870.5
310.798	948.5
311.151	955.5
311.504	1007.5
311.855	964.5
312.208	949.5
312.56	898.5
312.913	870.5
313.265	838.5
313.617	789.5
313.969	705.5
314.322	669.5
314.674	627.5
315.025	579.5
315.378	531.5
315.73	476.5
316.083	469.5
316.434	447.5
316.786	444.5
317.138	381.5
317.489	367.5
317.842	354.5
318.194	324.5
318.547	336.5
318.897	303.5
319.25	299.5
319.602	285.5
319.953	298.5
320.305	270.5
320.657	237.5
321.008	235.5
321.36	215.5
321.713	206.5
322.063	195.5
322.416	185.5
322.768	186.5
323.118	187.5
323.471	191.5
323.823	170.5
324.173	156.5
324.525	181.5
324.876	161.5
325.228	160.5
325.58	155.5
325.931	154.5
326.283	157.5
326.633	150.5
326.985	139.5
327.337	135.5
327.688	149.5
328.039	130.5
328.39	150.5
328.742	130.5
329.094	129.5
329.444	131.5
329.796	137.5
330.146	126.5
330.498	121.5
330.848	138.5
331.2	119.5
331.551	123.5
331.902	134.5
332.253	115.5
332.604	123.5
332.954	124.5
333.306	120.5
333.656	117.5
334.008	116.5
334.358	112.5
334.71	121.5
335.06	122.5
335.411	113.5
335.762	118.5
336.113	123.5
