39.5698	128.5
39.941	113.5
40.3108	106.5
40.6805	109.5
41.0503	115.5
41.42	110.5
41.7897	104.5
42.1593	103.5
42.529	104.5
42.9001	97.5
43.2697	109.5
43.6393	113.5
44.0089	106.5
44.3784	109.5
44.748	109.5
45.1175	105.5
45.487	107.5
45.8565	101.5
46.226	112.5
46.5955	110.5
46.9649	116.5
47.3343	113.5
47.7052	103.5
48.0746	110.5
48.4439	95.5
48.8133	114.5
49.1826	150.5
49.5519	153.5
49.9212	115.5
50.2905	112.5
50.6598	113.5
51.029	110.5
51.3982	105.5
51.7675	117.5
52.1366	110.5
52.5058	119.5
52.875	137.5
53.2441	135.5
53.6132	157.5
53.9823	185.5
54.3514	198.5
54.7205	200.5
55.0895	212.5
55.4586	310.5
55.8276	547.5
56.1966	595.5
56.5641	412.5
56.9331	223.5
57.302	171.5
57.671	191.5
58.0399	178.5
58.4088	176.5
58.7776	177.5
59.1465	210.5
59.5153	278.5
59.8841	418.5
60.2529	478.5
60.6217	436.5
60.9905	362.5
61.3578	344.5
61.7265	333.5
62.0953	416.5
62.464	521.5
62.8326	672.5
63.2013	902.5
63.5699	1130.5
63.9386	1113.5
64.3057	973.5
64.6743	664.5
65.0429	576.5
65.4114	496.5
65.78	445.5
66.1485	377.5
66.517	289.5
66.884	231.5
67.2525	198.5
67.621	179.5
67.9894	159.5
68.3578	149.5
68.7248	140.5
69.0931	134.5
69.4615	123.5
69.8299	123.5
70.1982	114.5
70.565	117.5
70.9333	126.5
71.3016	124.5
71.6699	133.5
72.0381	127.5
72.4049	134.5
72.7731	147.5
73.1413	167.5
73.5094	204.5
73.8762	245.5
74.2443	299.5
74.6124	292.5
74.9805	259.5
75.3471	218.5
75.7152	177.5
76.0832	131.5
76.4513	106.5
76.8178	115.5
77.1858	113.5
77.5538	105.5
77.9203	109.5
78.2883	105.5
78.6562	106.5
79.0241	104.5
79.3905	105.5
79.7584	107.5
80.1262	91.5
80.4926	100.5
80.8605	92.5
81.2282	99.5
81.5946	95.5
81.9624	98.5
82.3301	93.5
82.6964	99.5
83.0641	98.5
83.4318	100.5
83.798	98.5
84.1657	92.5
84.5319	94.5
84.8995	88.5
85.2671	102.5
85.6333	104.5
86.0008	99.5
86.3684	96.5
86.7345	97.5
87.102	107.5
87.468	107.5
87.8355	101.5
88.2016	112.5
88.569	98.5
88.9364	95.5
89.3024	106.5
89.6698	103.5
90.0357	130.5
90.4031	126.5
90.769	141.5
91.1363	117.5
91.5036	114.5
91.8695	110.5
92.2368	104.5
92.6026	106.5
92.9698	103.5
93.3356	103.5
93.7028	100.5
94.0685	101.5
94.4357	99.5
94.8014	93.5
95.1685	99.5
95.5342	101.5
95.9013	111.5
96.267	103.5
96.634	113.5
96.9996	99.5
97.3666	103.5
97.7322	135.5
98.0992	191.5
98.4647	186.5
98.8317	128.5
99.1972	98.5
99.5641	83.5
99.9296	98.5
100.296	95.5
100.662	103.5
101.027	95.5
101.394	94.5
101.76	95.5
102.126	95.5
102.492	103.5
102.858	97.5
103.224	107.5
103.589	95.5
103.956	98.5
104.321	93.5
104.688	111.5
105.053	100.5
105.418	102.5
105.785	104.5
106.15	98.5
106.515	97.5
106.882	98.5
107.247	96.5
107.613	100.5
107.978	99.5
108.343	99.5
108.71	102.5
109.075	91.5
109.44	103.5
109.806	97.5
110.171	103.5
110.536	114.5
110.903	105.5
111.268	97.5
111.633	103.5
111.999	96.5
112.364	102.5
112.729	100.5
113.093	87.5
113.46	93.5
113.825	77.5
114.189	94.5
114.555	83.5
114.92	89.5
115.285	86.5
115.65	94.5
116.016	87.5
116.381	90.5
116.745	85.5
117.11	95.5
117.476	87.5
117.841	83.5
118.205	97.5
118.57	93.5
118.936	89.5
119.3	86.5
119.665	84.5
120.029	91.5
120.394	90.5
120.76	85.5
121.124	87.5
121.489	92.5
121.853	84.5
122.217	89.5
122.583	96.5
122.948	92.5
123.312	90.5
123.676	99.5
124.041	88.5
124.406	88.5
124.771	96.5
125.135	97.5
125.499	85.5
125.863	94.5
126.228	97.5
126.592	94.5
126.957	92.5
127.322	92.5
127.686	86.5
128.05	95.5
128.414	97.5
128.778	93.5
129.142	99.5
129.506	86.5
129.87	95.5
130.236	97.5
130.6	94.5
130.964	93.5
131.328	96.5
131.692	100.5
132.056	100.5
132.419	91.5
132.783	95.5
133.147	87.5
133.511	93.5
133.875	91.5
134.239	96.5
134.603	96.5
134.966	91.5
135.33	90.5
135.694	91.5
136.058	88.5
136.421	92.5
136.785	91.5
137.149	96.5
137.514	87.5
137.878	98.5
138.241	98.5
138.603	100.5
138.967	97.5
139.331	99.5
139.694	98.5
140.058	92.5
140.421	92.5
140.785	102.5
141.148	93.5
141.512	92.5
141.875	92.5
142.239	94.5
142.602	90.5
142.966	89.5
143.329	94.5
143.692	87.5
144.056	90.5
144.419	92.5
144.782	86.5
145.146	89.5
145.509	91.5
145.871	94.5
146.234	89.5
146.597	85.5
146.961	85.5
147.324	92.5
147.687	78.5
148.05	80.5
148.413	92.5
148.777	95.5
149.138	91.5
149.501	88.5
149.864	97.5
150.228	98.5
150.591	96.5
150.954	90.5
151.317	92.5
151.678	88.5
152.041	100.5
152.404	94.5
152.767	95.5
153.13	89.5
153.492	87.5
153.854	96.5
154.217	94.5
154.58	95.5
154.943	94.5
155.304	90.5
155.667	97.5
156.03	93.5
156.393	95.5
156.756	100.5
157.117	95.5
157.48	100.5
157.842	110.5
158.205	103.5
158.566	98.5
158.929	95.5
159.292	101.5
159.654	96.5
160.015	96.5
160.378	100.5
160.741	95.5
161.103	99.5
161.464	94.5
161.827	93.5
162.189	91.5
162.55	96.5
162.913	99.5
163.275	95.5
163.638	87.5
163.999	89.5
164.361	85.5
164.724	99.5
165.085	97.5
165.447	94.5
165.809	94.5
166.17	91.5
166.532	95.5
166.895	100.5
167.256	100.5
167.618	106.5
167.979	95.5
168.341	97.5
168.703	92.5
169.064	106.5
169.426	96.5
169.788	99.5
170.149	101.5
170.511	94.5
170.872	104.5
171.234	106.5
171.596	91.5
171.956	97.5
172.318	98.5
172.679	103.5
173.041	100.5
173.401	102.5
173.763	106.5
174.125	102.5
174.486	101.5
174.848	101.5
175.208	104.5
175.57	95.5
175.931	104.5
176.292	113.5
176.653	101.5
177.015	112.5
177.375	111.5
177.737	124.5
178.098	117.5
178.459	113.5
178.821	118.5
179.181	115.5
179.542	115.5
179.903	111.5
180.264	116.5
180.625	116.5
180.985	127.5
181.346	117.5
181.707	119.5
182.068	122.5
182.428	129.5
182.79	118.5
183.15	139.5
183.511	136.5
183.871	142.5
184.233	152.5
184.593	140.5
184.953	145.5
185.314	142.5
185.674	163.5
186.036	159.5
186.396	166.5
186.757	166.5
187.117	168.5
187.477	153.5
187.838	147.5
188.198	158.5
188.559	143.5
188.919	143.5
189.279	151.5
189.64	148.5
190	121.5
190.359	144.5
190.721	137.5
191.08	141.5
191.44	135.5
191.801	133.5
192.161	129.5
192.52	121.5
192.882	126.5
193.241	117.5
193.601	129.5
193.962	126.5
194.321	107.5
194.681	117.5
195.042	123.5
195.401	115.5
195.761	119.5
196.122	121.5
196.481	116.5
196.841	119.5
197.2	106.5
197.561	97.5
197.92	116.5
198.28	113.5
198.639	107.5
199	113.5
199.359	105.5
199.718	103.5
200.078	119.5
200.438	121.5
200.798	106.5
201.157	102.5
201.516	112.5
201.877	105.5
202.236	113.5
202.595	108.5
202.954	105.5
203.313	107.5
203.674	106.5
204.033	100.5
204.392	107.5
204.751	109.5
205.11	121.5
205.471	110.5
205.83	106.5
206.189	116.5
206.548	116.5
206.907	114.5
207.266	116.5
207.626	121.5
207.985	120.5
208.344	120.5
208.703	106.5
209.062	122.5
209.42	118.5
209.779	128.5
210.138	121.5
210.498	135.5
210.857	128.5
211.216	146.5
211.575	132.5
211.933	149.5
212.292	140.5
212.651	144.5
213.01	127.5
213.368	139.5
213.727	133.5
214.085	132.5
214.444	141.5
214.804	115.5
215.163	120.5
215.521	110.5
215.88	122.5
216.238	110.5
216.597	111.5
216.955	97.5
217.314	102.5
217.672	107.5
218.031	109.5
218.389	113.5
218.748	110.5
219.106	105.5
219.464	104.5
219.823	107.5
220.181	105.5
220.539	102.5
220.898	105.5
221.256	114.5
221.614	103.5
221.973	114.5
222.331	114.5
222.689	110.5
223.047	107.5
223.405	108.5
223.762	100.5
224.12	102.5
224.479	102.5
224.837	107.5
225.195	105.5
225.553	104.5
225.911	106.5
226.269	99.5
226.627	110.5
226.985	110.5
227.343	106.5
227.701	107.5
228.058	116.5
228.416	113.5
228.773	111.5
229.131	111.5
229.489	122.5
229.847	118.5
230.205	120.5
230.563	120.5
230.919	108.5
231.277	130.5
231.635	118.5
231.993	122.5
232.351	138.5
232.708	134.5
233.065	124.5
233.422	117.5
233.78	134.5
234.138	138.5
234.495	145.5
234.852	127.5
235.209	130.5
235.567	146.5
235.925	140.5
236.282	142.5
236.638	165.5
236.996	150.5
237.353	154.5
237.711	145.5
238.067	142.5
238.425	158.5
238.782	160.5
239.139	152.5
239.495	163.5
239.853	155.5
240.21	156.5
240.568	147.5
240.924	152.5
241.281	140.5
241.638	155.5
241.996	160.5
242.352	154.5
242.709	142.5
243.066	138.5
243.422	141.5
243.779	139.5
244.136	132.5
244.492	147.5
244.849	138.5
245.207	130.5
245.562	138.5
245.919	138.5
246.277	142.5
246.632	126.5
246.989	134.5
247.346	143.5
247.702	133.5
248.059	135.5
248.416	135.5
248.772	134.5
249.129	131.5
249.484	137.5
249.841	133.5
250.198	137.5
250.554	142.5
250.911	134.5
251.266	141.5
251.623	124.5
251.98	138.5
252.335	142.5
252.692	142.5
253.047	151.5
253.404	136.5
253.76	152.5
254.116	143.5
254.473	158.5
254.828	136.5
255.185	150.5
255.54	134.5
255.897	143.5
256.252	155.5
256.609	160.5
256.964	142.5
257.321	140.5
257.676	145.5
258.032	136.5
258.388	139.5
258.744	143.5
259.099	133.5
259.456	142.5
259.811	145.5
260.167	133.5
260.522	135.5
260.879	129.5
261.234	151.5
261.59	138.5
261.945	123.5
262.301	128.5
262.656	129.5
263.011	137.5
263.368	117.5
263.723	123.5
264.079	110.5
264.434	113.5
264.79	111.5
265.145	133.5
265.5	119.5
265.856	123.5
266.211	136.5
266.567	111.5
266.921	105.5
267.276	117.5
267.632	112.5
267.987	117.5
268.342	114.5
268.698	116.5
269.052	124.5
269.408	113.5
269.763	119.5
270.118	115.5
270.474	100.5
270.828	116.5
271.183	115.5
271.539	111.5
271.893	112.5
272.248	116.5
272.604	114.5
272.958	109.5
273.312	101.5
273.667	109.5
274.023	108.5
274.377	116.5
274.731	108.5
275.087	116.5
275.442	99.5
275.796	103.5
276.15	105.5
276.506	106.5
276.86	109.5
277.214	101.5
277.569	113.5
277.924	116.5
278.279	113.5
278.633	105.5
278.987	111.5
279.342	109.5
279.697	107.5
280.051	107.5
280.405	107.5
280.759	102.5
281.114	111.5
281.469	114.5
281.823	109.5
282.177	106.5
282.531	107.5
282.886	116.5
283.24	106.5
283.594	108.5
283.948	108.5
284.302	104.5
284.656	117.5
285.011	117.5
285.365	102.5
285.719	111.5
286.073	106.5
286.427	125.5
286.78	122.5
287.134	118.5
287.489	117.5
287.843	137.5
288.197	131.5
288.551	133.5
288.904	134.5
289.258	128.5
289.612	126.5
289.965	138.5
290.319	138.5
290.673	141.5
291.026	131.5
291.381	127.5
291.735	138.5
292.088	148.5
292.442	145.5
292.795	153.5
293.149	159.5
293.503	156.5
293.856	145.5
294.209	164.5
294.563	160.5
294.916	167.5
295.27	164.5
295.623	156.5
295.977	169.5
296.33	174.5
296.683	172.5
297.037	153.5
297.39	176.5
297.743	184.5
298.097	171.5
298.45	187.5
298.803	195.5
299.156	175.5
299.51	177.5
299.863	194.5
300.216	211.5
300.569	220.5
300.922	215.5
301.275	207.5
301.627	227.5
301.98	226.5
302.333	226.5
302.686	274.5
303.039	234.5
303.392	257.5
303.746	271.5
304.099	295.5
304.452	300.5
304.804	318.5
305.156	330.5
305.509	391.5
305.862	393.5
306.215	452.5
306.568	461.5
306.921	513.5
307.273	543.5
307.626	569.5
307.978	614.5
308.331	696.5
308.683	770.5
309.036	853.5
309.389	947.5
309.742	1018.5
310.093	1088.5
310.446	1222.5
310.798	1253.5
311.151	1287.5
311.504	1412.5
311.855	1348.5
312.208	1327.5
312.56	1212.5
312.913	1162.5
313.265	1088.5
313.617	1068.5
313.969	938.5
314.322	842.5
314.674	783.5
315.025	734.5
315.378	690.5
315.73	649.5
316.083	605.5
316.434	574.5
316.786	539.5
317.138	547.5
317.489	496.5
317.842	468.5
318.194	429.5
318.547	416.5
318.897	408.5
319.25	372.5
319.602	341.5
319.953	346.5
320.305	325.5
320.657	319.5
321.008	282.5
321.36	279.5
321.713	274.5
322.063	266.5
322.416	253.5
322.768	234.5
323.118	216.5
323.471	223.5
323.823	214.5
324.173	202.5
324.525	208.5
324.876	177.5
325.228	209.5
325.58	189.5
325.931	183.5
326.283	186.5
326.633	169.5
326.985	166.5
327.337	174.5
327.688	176.5
328.039	161.5
328.39	154.5
328.742	164.5
329.094	155.5
329.444	165.5
329.796	157.5
330.146	152.5
330.498	145.5
330.848	142.5
331.2	145.5
331.551	149.5
331.902	148.5
332.253	144.5
332.604	138.5
332.954	135.5
333.306	138.5
333.656	139.5
334.008	147.5
334.358	130.5
334.71	149.5
335.06	130.5
335.411	132.5
335.762	126.5
336.113	128.5
