39.5698	145.5
39.941	127.5
40.3108	131.5
40.6805	126.5
41.0503	124.5
41.42	123.5
41.7897	105.5
42.1593	119.5
42.529	105.5
42.9001	100.5
43.2697	109.5
43.6393	113.5
44.0089	123.5
44.3784	119.5
44.748	125.5
45.1175	113.5
45.487	109.5
45.8565	118.5
46.226	117.5
46.5955	109.5
46.9649	118.5
47.3343	117.5
47.7052	120.5
48.0746	117.5
48.4439	123.5
48.8133	128.5
49.1826	167.5
49.5519	163.5
49.9212	139.5
50.2905	117.5
50.6598	114.5
51.029	118.5
51.3982	112.5
51.7675	128.5
52.1366	124.5
52.5058	133.5
52.875	116.5
53.2441	124.5
53.6132	146.5
53.9823	163.5
54.3514	191.5
54.7205	178.5
55.0895	187.5
55.4586	217.5
55.8276	330.5
56.1966	414.5
56.5641	352.5
56.9331	209.5
57.302	194.5
57.671	187.5
58.0399	206.5
58.4088	189.5
58.7776	222.5
59.1465	255.5
59.5153	275.5
59.8841	407.5
60.2529	582.5
60.6217	542.5
60.9905	493.5
61.3578	387.5
61.7265	416.5
62.0953	456.5
62.464	550.5
62.8326	751.5
63.2013	1050.5
63.5699	1276.5
63.9386	1434.5
64.3057	1308.5
64.6743	1037.5
65.0429	793.5
65.4114	648.5
65.78	589.5
66.1485	530.5
66.517	386.5
66.884	319.5
67.2525	249.5
67.621	202.5
67.9894	178.5
68.3578	179.5
68.7248	156.5
69.0931	150.5
69.4615	137.5
69.8299	146.5
70.1982	137.5
70.565	128.5
70.9333	139.5
71.3016	132.5
71.6699	130.5
72.0381	142.5
72.4049	146.5
72.7731	156.5
73.1413	169.5
73.5094	196.5
73.8762	249.5
74.2443	341.5
74.6124	373.5
74.9805	330.5
75.3471	305.5
75.7152	216.5
76.0832	176.5
76.4513	144.5
76.8178	139.5
77.1858	124.5
77.5538	126.5
77.9203	112.5
78.2883	117.5
78.6562	110.5
79.0241	120.5
79.3905	118.5
79.7584	117.5
80.1262	107.5
80.4926	106.5
80.8605	104.5
81.2282	96.5
81.5946	105.5
81.9624	100.5
82.3301	99.5
82.6964	98.5
83.0641	102.5
83.4318	94.5
83.798	104.5
84.1657	101.5
84.5319	99.5
84.8995	104.5
85.2671	94.5
85.6333	101.5
86.0008	96.5
86.3684	98.5
86.7345	116.5
87.102	112.5
87.468	111.5
87.8355	110.5
88.2016	111.5
88.569	118.5
88.9364	109.5
89.3024	116.5
89.6698	118.5
90.0357	129.5
90.4031	142.5
90.769	146.5
91.1363	132.5
91.5036	137.5
91.8695	120.5
92.2368	122.5
92.6026	111.5
92.9698	109.5
93.3356	100.5
93.7028	96.5
94.0685	106.5
94.4357	106.5
94.8014	107.5
95.1685	110.5
95.5342	111.5
95.9013	113.5
96.267	116.5
96.634	119.5
96.9996	106.5
97.3666	98.5
97.7322	127.5
98.0992	185.5
98.4647	208.5
98.8317	178.5
99.1972	122.5
99.5641	105.5
99.9296	111.5
100.296	103.5
100.662	108.5
101.027	105.5
101.394	101.5
101.76	96.5
102.126	111.5
102.492	97.5
102.858	110.5
103.224	104.5
103.589	105.5
103.956	110.5
104.321	105.5
104.688	113.5
105.053	112.5
105.418	101.5
105.785	109.5
106.15	103.5
106.515	98.5
106.882	105.5
107.247	107.5
107.613	117.5
107.978	110.5
108.343	108.5
108.71	107.5
109.075	112.5
109.44	107.5
109.806	110.5
110.171	104.5
110.536	110.5
110.903	97.5
111.268	116.5
111.633	102.5
111.999	99.5
112.364	98.5
112.729	97.5
113.093	111.5
113.46	107.5
113.825	97.5
114.189	99.5
114.555	100.5
114.92	101.5
115.285	96.5
115.65	106.5
116.016	106.5
116.381	95.5
116.745	98.5
117.11	100.5
117.476	91.5
117.841	92.5
118.205	104.5
118.57	97.5
118.936	100.5
119.3	99.5
119.665	94.5
120.029	87.5
120.394	95.5
120.76	100.5
121.124	89.5
121.489	98.5
121.853	89.5
122.217	98.5
122.583	98.5
122.948	95.5
123.312	103.5
123.676	94.5
124.041	94.5
124.406	93.5
124.771	102.5
125.135	92.5
125.499	101.5
125.863	99.5
126.228	98.5
126.592	91.5
126.957	89.5
127.322	96.5
127.686	98.5
128.05	101.5
128.414	101.5
128.778	99.5
129.142	99.5
129.506	95.5
129.87	101.5
130.236	99.5
130.6	101.5
130.964	104.5
131.328	94.5
131.692	98.5
132.056	98.5
132.419	94.5
132.783	104.5
133.147	101.5
133.511	99.5
133.875	99.5
134.239	98.5
134.603	97.5
134.966	105.5
135.33	104.5
135.694	103.5
136.058	94.5
136.421	95.5
136.785	89.5
137.149	101.5
137.514	97.5
137.878	105.5
138.241	101.5
138.603	98.5
138.967	104.5
139.331	102.5
139.694	102.5
140.058	105.5
140.421	99.5
140.785	108.5
141.148	91.5
141.512	106.5
141.875	103.5
142.239	98.5
142.602	98.5
142.966	93.5
143.329	93.5
143.692	101.5
144.056	99.5
144.419	94.5
144.782	91.5
145.146	97.5
145.509	99.5
145.871	100.5
146.234	104.5
146.597	98.5
146.961	93.5
147.324	93.5
147.687	88.5
148.05	102.5
148.413	100.5
148.777	93.5
149.138	100.5
149.501	95.5
149.864	97.5
150.228	96.5
150.591	102.5
150.954	97.5
151.317	94.5
151.678	91.5
152.041	91.5
152.404	91.5
152.767	106.5
153.13	95.5
153.492	99.5
153.854	96.5
154.217	94.5
154.58	98.5
154.943	98.5
155.304	97.5
155.667	103.5
156.03	106.5
156.393	102.5
156.756	102.5
157.117	106.5
157.48	115.5
157.842	103.5
158.205	108.5
158.566	103.5
158.929	102.5
159.292	106.5
159.654	99.5
160.015	98.5
160.378	92.5
160.741	106.5
161.103	99.5
161.464	88.5
161.827	95.5
162.189	100.5
162.55	103.5
162.913	106.5
163.275	94.5
163.638	86.5
163.999	97.5
164.361	97.5
164.724	86.5
165.085	105.5
165.447	103.5
165.809	100.5
166.17	102.5
166.532	102.5
166.895	106.5
167.256	96.5
167.618	106.5
167.979	99.5
168.341	101.5
168.703	111.5
169.064	102.5
169.426	105.5
169.788	96.5
170.149	106.5
170.511	107.5
170.872	108.5
171.234	106.5
171.596	109.5
171.956	108.5
172.318	98.5
172.679	106.5
173.041	100.5
173.401	114.5
173.763	106.5
174.125	111.5
174.486	109.5
174.848	117.5
175.208	104.5
175.57	116.5
175.931	110.5
176.292	115.5
176.653	119.5
177.015	112.5
177.375	108.5
177.737	112.5
178.098	129.5
178.459	117.5
178.821	117.5
179.181	125.5
179.542	124.5
179.903	125.5
180.264	138.5
180.625	132.5
180.985	127.5
181.346	143.5
181.707	131.5
182.068	132.5
182.428	133.5
182.79	139.5
183.15	151.5
183.511	162.5
183.871	147.5
184.233	152.5
184.593	165.5
184.953	176.5
185.314	176.5
185.674	175.5
186.036	176.5
186.396	179.5
186.757	184.5
187.117	179.5
187.477	192.5
187.838	196.5
188.198	176.5
188.559	160.5
188.919	172.5
189.279	171.5
189.64	153.5
190	159.5
190.359	155.5
190.721	152.5
191.08	139.5
191.44	153.5
191.801	146.5
192.161	143.5
192.52	134.5
192.882	139.5
193.241	121.5
193.601	130.5
193.962	133.5
194.321	119.5
194.681	134.5
195.042	134.5
195.401	128.5
195.761	123.5
196.122	131.5
196.481	121.5
196.841	121.5
197.2	122.5
197.561	109.5
197.92	113.5
198.28	118.5
198.639	110.5
199	119.5
199.359	116.5
199.718	116.5
200.078	115.5
200.438	115.5
200.798	114.5
201.157	116.5
201.516	108.5
201.877	103.5
202.236	115.5
202.595	119.5
202.954	107.5
203.313	116.5
203.674	114.5
204.033	113.5
204.392	104.5
204.751	104.5
205.11	111.5
205.471	114.5
205.83	105.5
206.189	103.5
206.548	109.5
206.907	112.5
207.266	114.5
207.626	111.5
207.985	113.5
208.344	115.5
208.703	118.5
209.062	127.5
209.42	117.5
209.779	121.5
210.138	132.5
210.498	122.5
210.857	127.5
211.216	133.5
211.575	120.5
211.933	120.5
212.292	129.5
212.651	136.5
213.01	117.5
213.368	108.5
213.727	125.5
214.085	119.5
214.444	117.5
214.804	114.5
215.163	119.5
215.521	120.5
215.88	105.5
216.238	113.5
216.597	117.5
216.955	119.5
217.314	116.5
217.672	105.5
218.031	113.5
218.389	113.5
218.748	105.5
219.106	102.5
219.464	100.5
219.823	104.5
220.181	109.5
220.539	107.5
220.898	108.5
221.256	105.5
221.614	113.5
221.973	111.5
222.331	112.5
222.689	108.5
223.047	116.5
223.405	114.5
223.762	113.5
224.12	114.5
224.479	112.5
224.837	119.5
225.195	121.5
225.553	123.5
225.911	124.5
226.269	112.5
226.627	106.5
226.985	121.5
227.343	112.5
227.701	133.5
228.058	117.5
228.416	127.5
228.773	128.5
229.131	138.5
229.489	125.5
229.847	141.5
230.205	141.5
230.563	147.5
230.919	128.5
231.277	140.5
231.635	134.5
231.993	147.5
232.351	150.5
232.708	161.5
233.065	159.5
233.422	137.5
233.78	154.5
234.138	144.5
234.495	154.5
234.852	155.5
235.209	170.5
235.567	187.5
235.925	166.5
236.282	183.5
236.638	194.5
236.996	184.5
237.353	185.5
237.711	179.5
238.067	186.5
238.425	176.5
238.782	185.5
239.139	200.5
239.495	179.5
239.853	194.5
240.21	189.5
240.568	192.5
240.924	191.5
241.281	186.5
241.638	188.5
241.996	176.5
242.352	188.5
242.709	178.5
243.066	181.5
243.422	153.5
243.779	151.5
244.136	168.5
244.492	159.5
244.849	147.5
245.207	163.5
245.562	159.5
245.919	150.5
246.277	157.5
246.632	154.5
246.989	149.5
247.346	152.5
247.702	134.5
248.059	150.5
248.416	144.5
248.772	138.5
249.129	155.5
249.484	149.5
249.841	131.5
250.198	141.5
250.554	157.5
250.911	147.5
251.266	152.5
251.623	142.5
251.98	134.5
252.335	143.5
252.692	144.5
253.047	157.5
253.404	149.5
253.76	141.5
254.116	145.5
254.473	153.5
254.828	151.5
255.185	149.5
255.54	153.5
255.897	158.5
256.252	153.5
256.609	151.5
256.964	152.5
257.321	143.5
257.676	148.5
258.032	150.5
258.388	145.5
258.744	148.5
259.099	148.5
259.456	132.5
259.811	152.5
260.167	141.5
260.522	139.5
260.879	151.5
261.234	137.5
261.59	133.5
261.945	129.5
262.301	148.5
262.656	135.5
263.011	124.5
263.368	129.5
263.723	135.5
264.079	145.5
264.434	143.5
264.79	135.5
265.145	137.5
265.5	116.5
265.856	130.5
266.211	132.5
266.567	118.5
266.921	121.5
267.276	129.5
267.632	129.5
267.987	119.5
268.342	109.5
268.698	127.5
269.052	119.5
269.408	124.5
269.763	118.5
270.118	118.5
270.474	120.5
270.828	112.5
271.183	117.5
271.539	117.5
271.893	113.5
272.248	105.5
272.604	114.5
272.958	114.5
273.312	120.5
273.667	105.5
274.023	122.5
274.377	107.5
274.731	111.5
275.087	120.5
275.442	115.5
275.796	118.5
276.15	119.5
276.506	112.5
276.86	122.5
277.214	109.5
277.569	113.5
277.924	117.5
278.279	107.5
278.633	121.5
278.987	119.5
279.342	110.5
279.697	112.5
280.051	119.5
280.405	106.5
280.759	115.5
281.114	116.5
281.469	110.5
281.823	121.5
282.177	114.5
282.531	129.5
282.886	110.5
283.24	114.5
283.594	110.5
283.948	116.5
284.302	115.5
284.656	119.5
285.011	114.5
285.365	121.5
285.719	120.5
286.073	130.5
286.427	133.5
286.78	126.5
287.134	113.5
287.489	134.5
287.843	129.5
288.197	137.5
288.551	140.5
288.904	140.5
289.258	138.5
289.612	149.5
289.965	134.5
290.319	146.5
290.673	145.5
291.026	160.5
291.381	154.5
291.735	159.5
292.088	158.5
292.442	163.5
292.795	166.5
293.149	168.5
293.503	172.5
293.856	183.5
294.209	174.5
294.563	164.5
294.916	175.5
295.27	183.5
295.623	183.5
295.977	209.5
296.33	195.5
296.683	197.5
297.037	185.5
297.39	191.5
297.743	192.5
298.097	210.5
298.45	220.5
298.803	229.5
299.156	215.5
299.51	227.5
299.863	245.5
300.216	246.5
300.569	241.5
300.922	255.5
301.275	268.5
301.627	265.5
301.98	269.5
302.333	288.5
302.686	299.5
303.039	299.5
303.392	297.5
303.746	332.5
304.099	354.5
304.452	350.5
304.804	380.5
305.156	413.5
305.509	451.5
305.862	479.5
306.215	510.5
306.568	547.5
306.921	587.5
307.273	649.5
307.626	706.5
307.978	772.5
308.331	864.5
308.683	921.5
309.036	1016.5
309.389	1140.5
309.742	1257.5
310.093	1331.5
310.446	1536.5
310.798	1519.5
311.151	1599.5
311.504	1674.5
311.855	1789.5
312.208	1704.5
312.56	1697.5
312.913	1564.5
313.265	1485.5
313.617	1260.5
313.969	1215.5
314.322	1134.5
314.674	1022.5
315.025	936.5
315.378	876.5
315.73	827.5
316.083	742.5
316.434	730.5
316.786	711.5
317.138	659.5
317.489	614.5
317.842	598.5
318.194	573.5
318.547	519.5
318.897	512.5
319.25	492.5
319.602	466.5
319.953	416.5
320.305	403.5
320.657	369.5
321.008	344.5
321.36	361.5
321.713	317.5
322.063	305.5
322.416	294.5
322.768	297.5
323.118	300.5
323.471	274.5
323.823	255.5
324.173	245.5
324.525	254.5
324.876	235.5
325.228	207.5
325.58	224.5
325.931	215.5
326.283	216.5
326.633	209.5
326.985	191.5
327.337	196.5
327.688	203.5
328.039	189.5
328.39	197.5
328.742	182.5
329.094	182.5
329.444	179.5
329.796	172.5
330.146	180.5
330.498	173.5
330.848	172.5
331.2	161.5
331.551	159.5
331.902	165.5
332.253	160.5
332.604	151.5
332.954	164.5
333.306	162.5
333.656	154.5
334.008	147.5
334.358	146.5
334.71	150.5
335.06	164.5
335.411	158.5
335.762	156.5
336.113	140.5
