39.5698	127
39.941	114
40.3108	110
40.6805	113
41.0503	111
41.42	101
41.7897	106
42.1593	115
42.529	115
42.9001	106
43.2697	117
43.6393	103
44.0089	122
44.3784	130
44.748	126
45.1175	112
45.487	106
45.8565	112
46.226	110
46.5955	107
46.9649	114
47.3343	115
47.7052	119
48.0746	108
48.4439	113
48.8133	112
49.1826	143
49.5519	157
49.9212	122
50.2905	117
50.6598	109
51.029	108
51.3982	115
51.7675	116
52.1366	116
52.5058	118
52.875	127
53.2441	143
53.6132	155
53.9823	166
54.3514	182
54.7205	176
55.0895	172
55.4586	218
55.8276	277
56.1966	276
56.5641	253
56.9331	178
57.302	166
57.671	193
58.0399	209
58.4088	188
58.7776	203
59.1465	248
59.5153	350
59.8841	496
60.2529	590
60.6217	561
60.9905	463
61.3578	387
61.7265	424
62.0953	522
62.464	686
62.8326	925
63.2013	1248
63.5699	1446
63.9386	1534
64.3057	1292
64.6743	985
65.0429	782
65.4114	672
65.78	611
66.1485	508
66.517	389
66.884	287
67.2525	238
67.621	221
67.9894	178
68.3578	164
68.7248	165
69.0931	138
69.4615	152
69.8299	139
70.1982	139
70.565	129
70.9333	140
71.3016	133
71.6699	144
72.0381	133
72.4049	143
72.7731	150
73.1413	170
73.5094	218
73.8762	288
74.2443	370
74.6124	393
74.9805	328
75.3471	252
75.7152	203
76.0832	159
76.4513	142
76.8178	130
77.1858	121
77.5538	106
77.9203	112
78.2883	99
78.6562	112
79.0241	115
79.3905	114
79.7584	103
80.1262	102
80.4926	98
80.8605	92
81.2282	98
81.5946	106
81.9624	94
82.3301	88
82.6964	98
83.0641	97
83.4318	101
83.798	95
84.1657	98
84.5319	104
84.8995	102
85.2671	87
85.6333	102
86.0008	105
86.3684	104
86.7345	100
87.102	103
87.468	106
87.8355	106
88.2016	108
88.569	113
88.9364	111
89.3024	116
89.6698	126
90.0357	131
90.4031	139
90.769	149
91.1363	148
91.5036	132
91.8695	117
92.2368	101
92.6026	108
92.9698	100
93.3356	103
93.7028	103
94.0685	100
94.4357	103
94.8014	113
95.1685	103
95.5342	108
95.9013	111
96.267	103
96.634	104
96.9996	107
97.3666	96
97.7322	117
98.0992	210
98.4647	196
98.8317	154
99.1972	112
99.5641	97
99.9296	99
100.296	103
100.662	112
101.027	91
101.394	98
101.76	100
102.126	103
102.492	110
102.858	95
103.224	110
103.589	104
103.956	106
104.321	102
104.688	114
105.053	103
105.418	108
105.785	105
106.15	101
106.515	105
106.882	101
107.247	105
107.613	101
107.978	98
108.343	103
108.71	100
109.075	100
109.44	109
109.806	98
110.171	102
110.536	114
110.903	100
111.268	108
111.633	102
111.999	112
112.364	98
112.729	99
113.093	93
113.46	96
113.825	94
114.189	94
114.555	102
114.92	93
115.285	88
115.65	98
116.016	101
116.381	95
116.745	87
117.11	89
117.476	86
117.841	94
118.205	93
118.57	94
118.936	91
119.3	91
119.665	94
120.029	95
120.394	89
120.76	96
121.124	93
121.489	98
121.853	90
122.217	93
122.583	99
122.948	92
123.312	91
123.676	91
124.041	91
124.406	98
124.771	90
125.135	85
125.499	96
125.863	95
126.228	94
126.592	94
126.957	96
127.322	96
127.686	94
128.05	100
128.414	103
128.778	101
129.142	96
129.506	90
129.87	95
130.236	96
130.6	99
130.964	95
131.328	92
131.692	101
132.056	95
132.419	88
132.783	90
133.147	87
133.511	100
133.875	93
134.239	94
134.603	99
134.966	95
135.33	87
135.694	100
136.058	91
136.421	100
136.785	110
137.149	94
137.514	102
137.878	100
138.241	91
138.603	97
138.967	98
139.331	98
139.694	88
140.058	92
140.421	98
140.785	88
141.148	93
141.512	90
141.875	99
142.239	107
142.602	103
142.966	97
143.329	92
143.692	93
144.056	94
144.419	89
144.782	96
145.146	92
145.509	99
145.871	84
146.234	82
146.597	84
146.961	92
147.324	98
147.687	94
148.05	98
148.413	90
148.777	93
149.138	97
149.501	95
149.864	90
150.228	90
150.591	96
150.954	95
151.317	92
151.678	94
152.041	91
152.404	87
152.767	98
153.13	96
153.492	99
153.854	95
154.217	102
154.58	95
154.943	98
155.304	105
155.667	83
156.03	110
156.393	106
156.756	106
157.117	94
157.48	109
157.842	114
158.205	109
158.566	107
158.929	96
159.292	99
159.654	102
160.015	99
160.378	98
160.741	97
161.103	97
161.464	96
161.827	99
162.189	96
162.55	90
162.913	101
163.275	91
163.638	104
163.999	94
164.361	101
164.724	105
165.085	105
165.447	94
165.809	100
166.17	104
166.532	105
166.895	100
167.256	91
167.618	96
167.979	89
168.341	93
168.703	95
169.064	109
169.426	105
169.788	93
170.149	99
170.511	102
170.872	106
171.234	112
171.596	108
171.956	106
172.318	105
172.679	114
173.041	112
173.401	111
173.763	111
174.125	109
174.486	113
174.848	105
175.208	119
175.57	115
175.931	110
176.292	118
176.653	115
177.015	109
177.375	115
177.737	111
178.098	112
178.459	123
178.821	123
179.181	128
179.542	124
179.903	132
180.264	140
180.625	133
180.985	130
181.346	146
181.707	144
182.068	140
182.428	140
182.79	146
183.15	161
183.511	161
183.871	178
184.233	167
184.593	164
184.953	180
185.314	179
185.674	189
186.036	169
186.396	188
186.757	206
187.117	191
187.477	202
187.838	183
188.198	179
188.559	193
188.919	179
189.279	172
189.64	175
190	163
190.359	166
190.721	155
191.08	150
191.44	148
191.801	151
192.161	143
192.52	139
192.882	136
193.241	124
193.601	139
193.962	141
194.321	124
194.681	131
195.042	124
195.401	112
195.761	124
196.122	114
196.481	106
196.841	118
197.2	123
197.561	116
197.92	115
198.28	119
198.639	119
199	116
199.359	114
199.718	105
200.078	108
200.438	108
200.798	111
201.157	114
201.516	101
201.877	105
202.236	98
202.595	110
202.954	97
203.313	103
203.674	115
204.033	111
204.392	109
204.751	111
205.11	109
205.471	104
205.83	104
206.189	109
206.548	93
206.907	103
207.266	105
207.626	96
207.985	98
208.344	105
208.703	112
209.062	106
209.42	111
209.779	107
210.138	103
210.498	112
210.857	115
211.216	107
211.575	115
211.933	116
212.292	110
212.651	120
213.01	116
213.368	121
213.727	122
214.085	107
214.444	122
214.804	101
215.163	103
215.521	107
215.88	111
216.238	103
216.597	113
216.955	113
217.314	107
217.672	96
218.031	113
218.389	114
218.748	114
219.106	107
219.464	101
219.823	108
220.181	106
220.539	117
220.898	112
221.256	115
221.614	117
221.973	110
222.331	105
222.689	117
223.047	113
223.405	106
223.762	109
224.12	113
224.479	127
224.837	116
225.195	105
225.553	108
225.911	113
226.269	118
226.627	121
226.985	116
227.343	121
227.701	118
228.058	122
228.416	126
228.773	128
229.131	134
229.489	129
229.847	119
230.205	140
230.563	145
230.919	138
231.277	135
231.635	139
231.993	144
232.351	155
232.708	159
233.065	154
233.422	151
233.78	155
234.138	149
234.495	155
234.852	158
235.209	179
235.567	177
235.925	160
236.282	187
236.638	201
236.996	202
237.353	202
237.711	176
238.067	194
238.425	167
238.782	183
239.139	198
239.495	189
239.853	179
240.21	208
240.568	191
240.924	179
241.281	207
241.638	189
241.996	185
242.352	184
242.709	173
243.066	187
243.422	170
243.779	165
244.136	159
244.492	171
244.849	161
245.207	156
245.562	152
245.919	153
246.277	159
246.632	142
246.989	153
247.346	124
247.702	148
248.059	141
248.416	143
248.772	153
249.129	168
249.484	141
249.841	145
250.198	142
250.554	161
250.911	141
251.266	150
251.623	142
251.98	144
252.335	132
252.692	145
253.047	129
253.404	145
253.76	134
254.116	134
254.473	142
254.828	135
255.185	136
255.54	153
255.897	141
256.252	143
256.609	153
256.964	141
257.321	140
257.676	131
258.032	145
258.388	145
258.744	130
259.099	141
259.456	129
259.811	145
260.167	147
260.522	141
260.879	139
261.234	126
261.59	136
261.945	123
262.301	125
262.656	120
263.011	143
263.368	127
263.723	142
264.079	115
264.434	133
264.79	127
265.145	120
265.5	110
265.856	119
266.211	112
266.567	114
266.921	129
267.276	115
267.632	120
267.987	124
268.342	118
268.698	115
269.052	119
269.408	120
269.763	110
270.118	103
270.474	116
270.828	107
271.183	117
271.539	111
271.893	122
272.248	116
272.604	109
272.958	112
273.312	118
273.667	115
274.023	118
274.377	106
274.731	105
275.087	116
275.442	112
275.796	116
276.15	115
276.506	108
276.86	112
277.214	113
277.569	109
277.924	115
278.279	106
278.633	124
278.987	114
279.342	113
279.697	122
280.051	116
280.405	112
280.759	114
281.114	119
281.469	113
281.823	118
282.177	116
282.531	120
282.886	126
283.24	109
283.594	114
283.948	120
284.302	113
284.656	122
285.011	119
285.365	124
285.719	120
286.073	124
286.427	119
286.78	129
287.134	138
287.489	128
287.843	134
288.197	136
288.551	135
288.904	141
289.258	148
289.612	144
289.965	145
290.319	142
290.673	155
291.026	157
291.381	158
291.735	157
292.088	164
292.442	167
292.795	160
293.149	170
293.503	182
293.856	175
294.209	177
294.563	174
294.916	181
295.27	194
295.623	191
295.977	199
296.33	199
296.683	208
297.037	192
297.39	207
297.743	206
298.097	209
298.45	207
298.803	213
299.156	227
299.51	245
299.863	241
300.216	257
300.569	242
300.922	254
301.275	285
301.627	279
301.98	276
302.333	309
302.686	338
303.039	309
303.392	381
303.746	357
304.099	363
304.452	401
304.804	411
305.156	457
305.509	495
305.862	508
306.215	535
306.568	615
306.921	679
307.273	707
307.626	811
307.978	823
308.331	953
308.683	1040
309.036	1137
309.389	1275
309.742	1363
310.093	1543
310.446	1617
310.798	1771
311.151	1845
311.504	1874
311.855	1885
312.208	1849
312.56	1710
312.913	1713
313.265	1502
313.617	1382
313.969	1325
314.322	1154
314.674	1060
315.025	977
315.378	878
315.73	814
316.083	796
316.434	760
316.786	705
317.138	637
317.489	675
317.842	615
318.194	596
318.547	545
318.897	508
319.25	478
319.602	470
319.953	437
320.305	393
320.657	409
321.008	388
321.36	356
321.713	323
322.063	314
322.416	314
322.768	284
323.118	305
323.471	253
323.823	272
324.173	240
324.525	250
324.876	225
325.228	230
325.58	215
325.931	215
326.283	228
326.633	199
326.985	186
327.337	211
327.688	213
328.039	181
328.39	196
328.742	177
329.094	181
329.444	191
329.796	177
330.146	173
330.498	164
330.848	168
331.2	166
331.551	155
331.902	179
332.253	166
332.604	158
332.954	160
333.306	155
333.656	142
334.008	151
334.358	150
334.71	145
335.06	157
335.411	145
335.762	150
336.113	153
