39.5698	123.5
39.941	128.5
40.3108	116.5
40.6805	120.5
41.0503	118.5
41.42	123.5
41.7897	113.5
42.1593	108.5
42.529	120.5
42.9001	124.5
43.2697	113.5
43.6393	115.5
44.0089	115.5
44.3784	125.5
44.748	107.5
45.1175	108.5
45.487	110.5
45.8565	113.5
46.226	114.5
46.5955	107.5
46.9649	120.5
47.3343	115.5
47.7052	120.5
48.0746	122.5
48.4439	112.5
48.8133	124.5
49.1826	153.5
49.5519	156.5
49.9212	122.5
50.2905	119.5
50.6598	114.5
51.029	112.5
51.3982	112.5
51.7675	120.5
52.1366	130.5
52.5058	130.5
52.875	131.5
53.2441	145.5
53.6132	152.5
53.9823	173.5
54.3514	199.5
54.7205	174.5
55.0895	173.5
55.4586	176.5
55.8276	203.5
56.1966	212.5
56.5641	194.5
56.9331	165.5
57.302	176.5
57.671	214.5
58.0399	202.5
58.4088	201.5
58.7776	232.5
59.1465	266.5
59.5153	392.5
59.8841	553.5
60.2529	670.5
60.6217	596.5
60.9905	491.5
61.3578	440.5
61.7265	477.5
62.0953	563.5
62.464	782.5
62.8326	1013.5
63.2013	1432.5
63.5699	1711.5
63.9386	1712.5
64.3057	1387.5
64.6743	1101.5
65.0429	859.5
65.4114	750.5
65.78	678.5
66.1485	566.5
66.517	416.5
66.884	327.5
67.2525	252.5
67.621	202.5
67.9894	190.5
68.3578	179.5
68.7248	164.5
69.0931	165.5
69.4615	145.5
69.8299	150.5
70.1982	134.5
70.565	145.5
70.9333	135.5
71.3016	136.5
71.6699	142.5
72.0381	144.5
72.4049	146.5
72.7731	169.5
73.1413	210.5
73.5094	257.5
73.8762	297.5
74.2443	405.5
74.6124	412.5
74.9805	347.5
75.3471	247.5
75.7152	190.5
76.0832	155.5
76.4513	141.5
76.8178	136.5
77.1858	124.5
77.5538	117.5
77.9203	102.5
78.2883	129.5
78.6562	111.5
79.0241	112.5
79.3905	117.5
79.7584	100.5
80.1262	104.5
80.4926	109.5
80.8605	99.5
81.2282	99.5
81.5946	110.5
81.9624	104.5
82.3301	101.5
82.6964	107.5
83.0641	103.5
83.4318	100.5
83.798	103.5
84.1657	93.5
84.5319	103.5
84.8995	104.5
85.2671	92.5
85.6333	103.5
86.0008	100.5
86.3684	102.5
86.7345	112.5
87.102	105.5
87.468	106.5
87.8355	103.5
88.2016	111.5
88.569	104.5
88.9364	110.5
89.3024	121.5
89.6698	122.5
90.0357	149.5
90.4031	168.5
90.769	156.5
91.1363	151.5
91.5036	124.5
91.8695	114.5
92.2368	119.5
92.6026	119.5
92.9698	102.5
93.3356	104.5
93.7028	102.5
94.0685	107.5
94.4357	104.5
94.8014	105.5
95.1685	103.5
95.5342	110.5
95.9013	115.5
96.267	122.5
96.634	105.5
96.9996	102.5
97.3666	101.5
97.7322	138.5
98.0992	201.5
98.4647	216.5
98.8317	150.5
99.1972	111.5
99.5641	102.5
99.9296	106.5
100.296	109.5
100.662	100.5
101.027	108.5
101.394	106.5
101.76	103.5
102.126	100.5
102.492	117.5
102.858	106.5
103.224	110.5
103.589	112.5
103.956	105.5
104.321	110.5
104.688	107.5
105.053	113.5
105.418	109.5
105.785	112.5
106.15	98.5
106.515	108.5
106.882	118.5
107.247	104.5
107.613	107.5
107.978	102.5
108.343	101.5
108.71	107.5
109.075	107.5
109.44	109.5
109.806	105.5
110.171	113.5
110.536	118.5
110.903	115.5
111.268	105.5
111.633	111.5
111.999	111.5
112.364	101.5
112.729	92.5
113.093	102.5
113.46	97.5
113.825	96.5
114.189	104.5
114.555	98.5
114.92	96.5
115.285	99.5
115.65	94.5
116.016	102.5
116.381	89.5
116.745	99.5
117.11	90.5
117.476	93.5
117.841	94.5
118.205	95.5
118.57	92.5
118.936	93.5
119.3	101.5
119.665	98.5
120.029	98.5
120.394	93.5
120.76	108.5
121.124	101.5
121.489	92.5
121.853	96.5
122.217	101.5
122.583	95.5
122.948	93.5
123.312	95.5
123.676	98.5
124.041	94.5
124.406	97.5
124.771	92.5
125.135	96.5
125.499	94.5
125.863	96.5
126.228	92.5
126.592	104.5
126.957	99.5
127.322	97.5
127.686	95.5
128.05	100.5
128.414	87.5
128.778	97.5
129.142	93.5
129.506	103.5
129.87	93.5
130.236	93.5
130.6	90.5
130.964	91.5
131.328	103.5
131.692	95.5
132.056	99.5
132.419	98.5
132.783	106.5
133.147	96.5
133.511	93.5
133.875	96.5
134.239	99.5
134.603	102.5
134.966	100.5
135.33	94.5
135.694	101.5
136.058	94.5
136.421	100.5
136.785	102.5
137.149	101.5
137.514	102.5
137.878	104.5
138.241	100.5
138.603	100.5
138.967	104.5
139.331	99.5
139.694	88.5
140.058	88.5
140.421	95.5
140.785	96.5
141.148	103.5
141.512	101.5
141.875	103.5
142.239	99.5
142.602	100.5
142.966	91.5
143.329	92.5
143.692	94.5
144.056	85.5
144.419	97.5
144.782	99.5
145.146	102.5
145.509	95.5
145.871	94.5
146.234	106.5
146.597	95.5
146.961	98.5
147.324	93.5
147.687	99.5
148.05	97.5
148.413	97.5
148.777	91.5
149.138	88.5
149.501	93.5
149.864	97.5
150.228	96.5
150.591	94.5
150.954	95.5
151.317	90.5
151.678	96.5
152.041	92.5
152.404	88.5
152.767	104.5
153.13	92.5
153.492	90.5
153.854	92.5
154.217	90.5
154.58	94.5
154.943	99.5
155.304	105.5
155.667	107.5
156.03	106.5
156.393	110.5
156.756	117.5
157.117	123.5
157.48	114.5
157.842	113.5
158.205	112.5
158.566	117.5
158.929	104.5
159.292	95.5
159.654	105.5
160.015	106.5
160.378	101.5
160.741	87.5
161.103	108.5
161.464	98.5
161.827	98.5
162.189	96.5
162.55	98.5
162.913	99.5
163.275	98.5
163.638	97.5
163.999	93.5
164.361	96.5
164.724	96.5
165.085	93.5
165.447	99.5
165.809	97.5
166.17	94.5
166.532	96.5
166.895	101.5
167.256	102.5
167.618	105.5
167.979	104.5
168.341	99.5
168.703	103.5
169.064	101.5
169.426	108.5
169.788	97.5
170.149	87.5
170.511	104.5
170.872	110.5
171.234	96.5
171.596	114.5
171.956	104.5
172.318	105.5
172.679	104.5
173.041	106.5
173.401	122.5
173.763	116.5
174.125	112.5
174.486	112.5
174.848	120.5
175.208	117.5
175.57	124.5
175.931	110.5
176.292	121.5
176.653	113.5
177.015	119.5
177.375	126.5
177.737	112.5
178.098	127.5
178.459	121.5
178.821	126.5
179.181	127.5
179.542	132.5
179.903	133.5
180.264	150.5
180.625	136.5
180.985	153.5
181.346	142.5
181.707	143.5
182.068	152.5
182.428	158.5
182.79	177.5
183.15	160.5
183.511	179.5
183.871	190.5
184.233	196.5
184.593	189.5
184.953	193.5
185.314	204.5
185.674	185.5
186.036	217.5
186.396	206.5
186.757	226.5
187.117	218.5
187.477	208.5
187.838	213.5
188.198	193.5
188.559	192.5
188.919	192.5
189.279	193.5
189.64	195.5
190	182.5
190.359	173.5
190.721	161.5
191.08	165.5
191.44	141.5
191.801	152.5
192.161	157.5
192.52	146.5
192.882	143.5
193.241	137.5
193.601	143.5
193.962	138.5
194.321	129.5
194.681	125.5
195.042	114.5
195.401	126.5
195.761	132.5
196.122	115.5
196.481	125.5
196.841	127.5
197.2	113.5
197.561	109.5
197.92	128.5
198.28	116.5
198.639	124.5
199	105.5
199.359	113.5
199.718	109.5
200.078	109.5
200.438	106.5
200.798	105.5
201.157	101.5
201.516	120.5
201.877	108.5
202.236	113.5
202.595	106.5
202.954	113.5
203.313	88.5
203.674	114.5
204.033	106.5
204.392	109.5
204.751	104.5
205.11	99.5
205.471	103.5
205.83	103.5
206.189	106.5
206.548	108.5
206.907	99.5
207.266	99.5
207.626	103.5
207.985	103.5
208.344	102.5
208.703	106.5
209.062	118.5
209.42	99.5
209.779	92.5
210.138	106.5
210.498	111.5
210.857	111.5
211.216	101.5
211.575	105.5
211.933	109.5
212.292	104.5
212.651	113.5
213.01	99.5
213.368	110.5
213.727	109.5
214.085	109.5
214.444	113.5
214.804	107.5
215.163	102.5
215.521	109.5
215.88	105.5
216.238	102.5
216.597	110.5
216.955	98.5
217.314	103.5
217.672	108.5
218.031	105.5
218.389	101.5
218.748	116.5
219.106	109.5
219.464	110.5
219.823	118.5
220.181	105.5
220.539	107.5
220.898	103.5
221.256	116.5
221.614	116.5
221.973	113.5
222.331	109.5
222.689	108.5
223.047	114.5
223.405	111.5
223.762	118.5
224.12	111.5
224.479	126.5
224.837	118.5
225.195	104.5
225.553	126.5
225.911	133.5
226.269	134.5
226.627	130.5
226.985	121.5
227.343	114.5
227.701	138.5
228.058	135.5
228.416	144.5
228.773	139.5
229.131	136.5
229.489	127.5
229.847	132.5
230.205	149.5
230.563	150.5
230.919	139.5
231.277	136.5
231.635	153.5
231.993	154.5
232.351	159.5
232.708	172.5
233.065	164.5
233.422	165.5
233.78	176.5
234.138	172.5
234.495	167.5
234.852	196.5
235.209	174.5
235.567	175.5
235.925	201.5
236.282	198.5
236.638	199.5
236.996	173.5
237.353	209.5
237.711	213.5
238.067	210.5
238.425	211.5
238.782	217.5
239.139	216.5
239.495	222.5
239.853	210.5
240.21	210.5
240.568	212.5
240.924	206.5
241.281	206.5
241.638	209.5
241.996	214.5
242.352	201.5
242.709	204.5
243.066	203.5
243.422	190.5
243.779	188.5
244.136	197.5
244.492	185.5
244.849	178.5
245.207	171.5
245.562	167.5
245.919	159.5
246.277	168.5
246.632	173.5
246.989	155.5
247.346	148.5
247.702	143.5
248.059	168.5
248.416	149.5
248.772	155.5
249.129	136.5
249.484	144.5
249.841	147.5
250.198	154.5
250.554	142.5
250.911	143.5
251.266	154.5
251.623	147.5
251.98	140.5
252.335	143.5
252.692	140.5
253.047	144.5
253.404	149.5
253.76	135.5
254.116	145.5
254.473	133.5
254.828	130.5
255.185	130.5
255.54	148.5
255.897	156.5
256.252	148.5
256.609	151.5
256.964	129.5
257.321	143.5
257.676	151.5
258.032	162.5
258.388	146.5
258.744	143.5
259.099	144.5
259.456	128.5
259.811	136.5
260.167	141.5
260.522	133.5
260.879	138.5
261.234	135.5
261.59	129.5
261.945	139.5
262.301	131.5
262.656	138.5
263.011	130.5
263.368	131.5
263.723	121.5
264.079	127.5
264.434	135.5
264.79	127.5
265.145	121.5
265.5	124.5
265.856	112.5
266.211	114.5
266.567	115.5
266.921	118.5
267.276	128.5
267.632	117.5
267.987	119.5
268.342	118.5
268.698	119.5
269.052	115.5
269.408	119.5
269.763	117.5
270.118	117.5
270.474	109.5
270.828	116.5
271.183	120.5
271.539	123.5
271.893	111.5
272.248	112.5
272.604	107.5
272.958	111.5
273.312	109.5
273.667	125.5
274.023	113.5
274.377	113.5
274.731	114.5
275.087	117.5
275.442	111.5
275.796	119.5
276.15	106.5
276.506	111.5
276.86	114.5
277.214	135.5
277.569	129.5
277.924	106.5
278.279	116.5
278.633	113.5
278.987	114.5
279.342	124.5
279.697	118.5
280.051	114.5
280.405	103.5
280.759	112.5
281.114	109.5
281.469	103.5
281.823	119.5
282.177	115.5
282.531	122.5
282.886	123.5
283.24	119.5
283.594	118.5
283.948	112.5
284.302	129.5
284.656	130.5
285.011	118.5
285.365	122.5
285.719	121.5
286.073	123.5
286.427	128.5
286.78	138.5
287.134	129.5
287.489	142.5
287.843	127.5
288.197	129.5
288.551	151.5
288.904	142.5
289.258	145.5
289.612	140.5
289.965	143.5
290.319	162.5
290.673	164.5
291.026	158.5
291.381	167.5
291.735	155.5
292.088	187.5
292.442	186.5
292.795	202.5
293.149	185.5
293.503	185.5
293.856	199.5
294.209	208.5
294.563	207.5
294.916	195.5
295.27	197.5
295.623	183.5
295.977	210.5
296.33	204.5
296.683	206.5
297.037	227.5
297.39	231.5
297.743	228.5
298.097	241.5
298.45	243.5
298.803	250.5
299.156	250.5
299.51	250.5
299.863	274.5
300.216	278.5
300.569	259.5
300.922	267.5
301.275	285.5
301.627	303.5
301.98	321.5
302.333	335.5
302.686	348.5
303.039	353.5
303.392	372.5
303.746	397.5
304.099	380.5
304.452	462.5
304.804	441.5
305.156	529.5
305.509	521.5
305.862	581.5
306.215	629.5
306.568	678.5
306.921	736.5
307.273	826.5
307.626	845.5
307.978	958.5
308.331	1047.5
308.683	1160.5
309.036	1285.5
309.389	1381.5
309.742	1524.5
310.093	1724.5
310.446	1804.5
310.798	1986.5
311.151	1981.5
311.504	2098.5
311.855	2101.5
312.208	2032.5
312.56	1934.5
312.913	1829.5
313.265	1678.5
313.617	1499.5
313.969	1394.5
314.322	1273.5
314.674	1190.5
315.025	1075.5
315.378	1010.5
315.73	943.5
316.083	870.5
316.434	824.5
316.786	815.5
317.138	758.5
317.489	681.5
317.842	666.5
318.194	620.5
318.547	595.5
318.897	583.5
319.25	528.5
319.602	500.5
319.953	453.5
320.305	447.5
320.657	412.5
321.008	405.5
321.36	358.5
321.713	391.5
322.063	342.5
322.416	350.5
322.768	322.5
323.118	293.5
323.471	300.5
323.823	276.5
324.173	246.5
324.525	258.5
324.876	266.5
325.228	259.5
325.58	234.5
325.931	238.5
326.283	207.5
326.633	220.5
326.985	221.5
327.337	208.5
327.688	197.5
328.039	205.5
328.39	193.5
328.742	182.5
329.094	194.5
329.444	184.5
329.796	193.5
330.146	171.5
330.498	171.5
330.848	177.5
331.2	160.5
331.551	162.5
331.902	165.5
332.253	175.5
332.604	157.5
332.954	163.5
333.306	167.5
333.656	162.5
334.008	162.5
334.358	154.5
334.71	150.5
335.06	168.5
335.411	148.5
335.762	146.5
336.113	161.5
