39.5698	132
39.941	121
40.3108	112
40.6805	119
41.0503	116
41.42	123
41.7897	120
42.1593	117
42.529	120
42.9001	118
43.2697	112
43.6393	120
44.0089	121
44.3784	121
44.748	127
45.1175	116
45.487	118
45.8565	117
46.226	117
46.5955	113
46.9649	115
47.3343	114
47.7052	110
48.0746	111
48.4439	124
48.8133	118
49.1826	151
49.5519	176
49.9212	136
50.2905	112
50.6598	127
51.029	118
51.3982	121
51.7675	114
52.1366	116
52.5058	126
52.875	117
53.2441	148
53.6132	154
53.9823	164
54.3514	201
54.7205	190
55.0895	190
55.4586	167
55.8276	169
56.1966	174
56.5641	164
56.9331	160
57.302	165
57.671	180
58.0399	200
58.4088	173
58.7776	203
59.1465	259
59.5153	337
59.8841	453
60.2529	662
60.6217	624
60.9905	520
61.3578	439
61.7265	427
62.0953	491
62.464	608
62.8326	890
63.2013	1118
63.5699	1490
63.9386	1630
64.3057	1455
64.6743	1201
65.0429	899
65.4114	744
65.78	716
66.1485	615
66.517	465
66.884	393
67.2525	262
67.621	240
67.9894	200
68.3578	180
68.7248	172
69.0931	156
69.4615	153
69.8299	166
70.1982	143
70.565	150
70.9333	142
71.3016	151
71.6699	148
72.0381	147
72.4049	160
72.7731	158
73.1413	176
73.5094	226
73.8762	279
74.2443	334
74.6124	395
74.9805	379
75.3471	310
75.7152	225
76.0832	181
76.4513	151
76.8178	144
77.1858	119
77.5538	120
77.9203	116
78.2883	107
78.6562	115
79.0241	110
79.3905	105
79.7584	103
80.1262	111
80.4926	104
80.8605	103
81.2282	107
81.5946	102
81.9624	97
82.3301	98
82.6964	98
83.0641	109
83.4318	107
83.798	95
84.1657	100
84.5319	109
84.8995	97
85.2671	104
85.6333	103
86.0008	113
86.3684	106
86.7345	106
87.102	105
87.468	104
87.8355	110
88.2016	111
88.569	110
88.9364	117
89.3024	120
89.6698	129
90.0357	133
90.4031	143
90.769	150
91.1363	158
91.5036	139
91.8695	129
92.2368	105
92.6026	106
92.9698	104
93.3356	100
93.7028	103
94.0685	103
94.4357	104
94.8014	105
95.1685	110
95.5342	113
95.9013	116
96.267	110
96.634	111
96.9996	115
97.3666	99
97.7322	114
98.0992	200
98.4647	238
98.8317	174
99.1972	122
99.5641	99
99.9296	95
100.296	96
100.662	106
101.027	97
101.394	105
101.76	101
102.126	109
102.492	101
102.858	105
103.224	109
103.589	106
103.956	112
104.321	111
104.688	103
105.053	109
105.418	103
105.785	108
106.15	105
106.515	113
106.882	106
107.247	111
107.613	99
107.978	105
108.343	109
108.71	102
109.075	109
109.44	109
109.806	120
110.171	102
110.536	114
110.903	114
111.268	111
111.633	108
111.999	105
112.364	106
112.729	99
113.093	93
113.46	95
113.825	98
114.189	89
114.555	97
114.92	92
115.285	93
115.65	99
116.016	94
116.381	96
116.745	97
117.11	94
117.476	100
117.841	108
118.205	97
118.57	103
118.936	98
119.3	98
119.665	98
120.029	99
120.394	99
120.76	99
121.124	89
121.489	97
121.853	97
122.217	103
122.583	97
122.948	96
123.312	97
123.676	106
124.041	93
124.406	108
124.771	90
125.135	87
125.499	98
125.863	88
126.228	89
126.592	98
126.957	96
127.322	93
127.686	95
128.05	95
128.414	96
128.778	91
129.142	99
129.506	101
129.87	93
130.236	103
130.6	92
130.964	94
131.328	103
131.692	95
132.056	102
132.419	107
132.783	94
133.147	101
133.511	99
133.875	98
134.239	95
134.603	97
134.966	103
135.33	97
135.694	95
136.058	104
136.421	101
136.785	102
137.149	105
137.514	93
137.878	97
138.241	93
138.603	102
138.967	96
139.331	95
139.694	96
140.058	100
140.421	93
140.785	93
141.148	92
141.512	93
141.875	101
142.239	95
142.602	106
142.966	103
143.329	110
143.692	106
144.056	101
144.419	99
144.782	94
145.146	93
145.509	97
145.871	93
146.234	91
146.597	98
146.961	95
147.324	93
147.687	103
148.05	93
148.413	98
148.777	96
149.138	95
149.501	94
149.864	100
150.228	98
150.591	98
150.954	99
151.317	104
151.678	100
152.041	96
152.404	98
152.767	99
153.13	98
153.492	97
153.854	111
154.217	88
154.58	100
154.943	105
155.304	102
155.667	94
156.03	101
156.393	108
156.756	111
157.117	123
157.48	113
157.842	118
158.205	113
158.566	115
158.929	110
159.292	106
159.654	102
160.015	110
160.378	106
160.741	101
161.103	94
161.464	96
161.827	107
162.189	98
162.55	100
162.913	98
163.275	104
163.638	99
163.999	107
164.361	104
164.724	101
165.085	104
165.447	96
165.809	108
166.17	101
166.532	107
166.895	104
167.256	96
167.618	104
167.979	99
168.341	101
168.703	102
169.064	103
169.426	114
169.788	98
170.149	107
170.511	103
170.872	112
171.234	100
171.596	98
171.956	116
172.318	117
172.679	110
173.041	118
173.401	98
173.763	99
174.125	118
174.486	114
174.848	119
175.208	108
175.57	111
175.931	119
176.292	129
176.653	120
177.015	124
177.375	128
177.737	138
178.098	126
178.459	115
178.821	130
179.181	134
179.542	123
179.903	128
180.264	140
180.625	127
180.985	138
181.346	152
181.707	156
182.068	148
182.428	182
182.79	168
183.15	172
183.511	183
183.871	189
184.233	185
184.593	191
184.953	200
185.314	202
185.674	214
186.036	209
186.396	227
186.757	224
187.117	215
187.477	226
187.838	225
188.198	219
188.559	205
188.919	209
189.279	206
189.64	190
190	195
190.359	186
190.721	178
191.08	181
191.44	161
191.801	159
192.161	158
192.52	163
192.882	150
193.241	145
193.601	132
193.962	153
194.321	141
194.681	140
195.042	133
195.401	124
195.761	126
196.122	120
196.481	135
196.841	117
197.2	123
197.561	128
197.92	121
198.28	122
198.639	118
199	117
199.359	122
199.718	114
200.078	120
200.438	124
200.798	106
201.157	113
201.516	105
201.877	112
202.236	111
202.595	107
202.954	108
203.313	116
203.674	98
204.033	104
204.392	105
204.751	120
205.11	105
205.471	115
205.83	103
206.189	109
206.548	102
206.907	105
207.266	104
207.626	101
207.985	106
208.344	102
208.703	105
209.062	110
209.42	105
209.779	106
210.138	101
210.498	113
210.857	109
211.216	112
211.575	107
211.933	106
212.292	104
212.651	110
213.01	108
213.368	110
213.727	114
214.085	102
214.444	105
214.804	103
215.163	102
215.521	111
215.88	107
216.238	99
216.597	111
216.955	106
217.314	107
217.672	106
218.031	111
218.389	111
218.748	104
219.106	109
219.464	103
219.823	110
220.181	114
220.539	98
220.898	123
221.256	111
221.614	111
221.973	108
222.331	120
222.689	113
223.047	119
223.405	112
223.762	113
224.12	112
224.479	115
224.837	115
225.195	116
225.553	108
225.911	127
226.269	118
226.627	124
226.985	133
227.343	133
227.701	132
228.058	133
228.416	121
228.773	138
229.131	146
229.489	129
229.847	146
230.205	131
230.563	145
230.919	158
231.277	153
231.635	154
231.993	154
232.351	160
232.708	167
233.065	165
233.422	160
233.78	190
234.138	181
234.495	182
234.852	174
235.209	181
235.567	178
235.925	187
236.282	199
236.638	201
236.996	216
237.353	196
237.711	205
238.067	195
238.425	212
238.782	211
239.139	213
239.495	215
239.853	208
240.21	218
240.568	210
240.924	202
241.281	201
241.638	207
241.996	212
242.352	192
242.709	196
243.066	178
243.422	179
243.779	188
244.136	179
244.492	177
244.849	173
245.207	171
245.562	176
245.919	166
246.277	171
246.632	175
246.989	156
247.346	157
247.702	161
248.059	152
248.416	157
248.772	153
249.129	134
249.484	142
249.841	155
250.198	142
250.554	136
250.911	141
251.266	139
251.623	132
251.98	137
252.335	128
252.692	141
253.047	146
253.404	144
253.76	122
254.116	140
254.473	138
254.828	134
255.185	148
255.54	127
255.897	133
256.252	133
256.609	140
256.964	141
257.321	133
257.676	148
258.032	160
258.388	142
258.744	146
259.099	140
259.456	156
259.811	135
260.167	131
260.522	135
260.879	148
261.234	137
261.59	136
261.945	126
262.301	125
262.656	130
263.011	126
263.368	137
263.723	127
264.079	134
264.434	130
264.79	127
265.145	144
265.5	122
265.856	134
266.211	129
266.567	124
266.921	129
267.276	126
267.632	136
267.987	119
268.342	118
268.698	125
269.052	130
269.408	110
269.763	121
270.118	123
270.474	120
270.828	120
271.183	111
271.539	124
271.893	128
272.248	119
272.604	112
272.958	124
273.312	123
273.667	119
274.023	115
274.377	116
274.731	117
275.087	121
275.442	115
275.796	126
276.15	106
276.506	129
276.86	111
277.214	116
277.569	104
277.924	117
278.279	115
278.633	115
278.987	113
279.342	120
279.697	107
280.051	111
280.405	118
280.759	118
281.114	121
281.469	125
281.823	119
282.177	118
282.531	118
282.886	120
283.24	124
283.594	120
283.948	117
284.302	116
284.656	115
285.011	115
285.365	133
285.719	128
286.073	124
286.427	130
286.78	143
287.134	132
287.489	138
287.843	129
288.197	133
288.551	143
288.904	137
289.258	139
289.612	148
289.965	145
290.319	149
290.673	158
291.026	174
291.381	167
291.735	168
292.088	188
292.442	199
292.795	185
293.149	188
293.503	189
293.856	203
294.209	196
294.563	189
294.916	194
295.27	197
295.623	218
295.977	217
296.33	216
296.683	207
297.037	207
297.39	214
297.743	220
298.097	241
298.45	235
298.803	238
299.156	248
299.51	246
299.863	255
300.216	252
300.569	255
300.922	283
301.275	292
301.627	312
301.98	320
302.333	292
302.686	329
303.039	357
303.392	366
303.746	394
304.099	399
304.452	416
304.804	425
305.156	486
305.509	522
305.862	506
306.215	576
306.568	633
306.921	645
307.273	715
307.626	781
307.978	901
308.331	979
308.683	1075
309.036	1181
309.389	1292
309.742	1431
310.093	1586
310.446	1687
310.798	1837
311.151	1920
311.504	1986
311.855	1994
312.208	1950
312.56	1863
312.913	1823
313.265	1617
313.617	1481
313.969	1390
314.322	1297
314.674	1155
315.025	1123
315.378	1027
315.73	933
316.083	861
316.434	871
316.786	805
317.138	756
317.489	716
317.842	680
318.194	649
318.547	590
318.897	578
319.25	543
319.602	505
319.953	450
320.305	455
320.657	412
321.008	413
321.36	395
321.713	376
322.063	327
322.416	306
322.768	306
323.118	278
323.471	297
323.823	307
324.173	285
324.525	242
324.876	258
325.228	255
325.58	231
325.931	250
326.283	218
326.633	228
326.985	229
327.337	213
327.688	197
328.039	200
328.39	195
328.742	187
329.094	197
329.444	183
329.796	191
330.146	181
330.498	176
330.848	185
331.2	174
331.551	179
331.902	165
332.253	153
332.604	162
332.954	156
333.306	165
333.656	156
334.008	154
334.358	149
334.71	151
335.06	155
335.411	157
335.762	160
336.113	149
