39.5698	102
39.941	96
40.3108	93
40.6805	93
41.0503	100
41.42	95
41.7897	96
42.1593	92
42.529	93
42.9001	85
43.2697	84
43.6393	86
44.0089	90
44.3784	89
44.748	92
45.1175	94
45.487	94
45.8565	92
46.226	98
46.5955	89
46.9649	93
47.3343	90
47.7052	93
48.0746	81
48.4439	93
48.8133	95
49.1826	99
49.5519	120
49.9212	101
50.2905	97
50.6598	98
51.029	102
51.3982	91
51.7675	103
52.1366	114
52.5058	127
52.875	145
53.2441	178
53.6132	226
53.9823	336
54.3514	392
54.7205	345
55.0895	252
55.4586	224
55.8276	256
56.1966	325
56.5641	294
56.9331	188
57.302	134
57.671	122
58.0399	125
58.4088	113
58.7776	118
59.1465	125
59.5153	155
59.8841	213
60.2529	262
60.6217	242
60.9905	220
61.3578	166
61.7265	124
62.0953	111
62.464	145
62.8326	145
63.2013	175
63.5699	204
63.9386	221
64.3057	216
64.6743	198
65.0429	191
65.4114	183
65.78	221
66.1485	196
66.517	176
66.884	131
67.2525	120
67.621	108
67.9894	105
68.3578	98
68.7248	100
69.0931	95
69.4615	94
69.8299	90
70.1982	94
70.565	87
70.9333	96
71.3016	90
71.6699	93
72.0381	95
72.4049	92
72.7731	90
73.1413	97
73.5094	99
73.8762	105
74.2443	129
74.6124	131
74.9805	134
75.3471	103
75.7152	107
76.0832	95
76.4513	90
76.8178	92
77.1858	97
77.5538	81
77.9203	86
78.2883	83
78.6562	89
79.0241	93
79.3905	93
79.7584	87
80.1262	76
80.4926	83
80.8605	86
81.2282	84
81.5946	88
81.9624	82
82.3301	83
82.6964	84
83.0641	91
83.4318	85
83.798	84
84.1657	93
84.5319	90
84.8995	77
85.2671	83
85.6333	87
86.0008	87
86.3684	80
86.7345	94
87.102	90
87.468	82
87.8355	90
88.2016	89
88.569	86
88.9364	89
89.3024	94
89.6698	96
90.0357	89
90.4031	105
90.769	101
91.1363	103
91.5036	106
91.8695	100
92.2368	90
92.6026	91
92.9698	84
93.3356	90
93.7028	90
94.0685	77
94.4357	86
94.8014	88
95.1685	94
95.5342	78
95.9013	83
96.267	83
96.634	83
96.9996	92
97.3666	84
97.7322	87
98.0992	102
98.4647	127
98.8317	107
99.1972	83
99.5641	90
99.9296	83
100.296	89
100.662	85
101.027	82
101.394	85
101.76	85
102.126	89
102.492	87
102.858	89
103.224	88
103.589	84
103.956	83
104.321	81
104.688	81
105.053	79
105.418	84
105.785	89
106.15	82
106.515	90
106.882	88
107.247	93
107.613	79
107.978	88
108.343	86
108.71	92
109.075	83
109.44	81
109.806	91
110.171	92
110.536	83
110.903	84
111.268	87
111.633	90
111.999	90
112.364	81
112.729	87
113.093	83
113.46	81
113.825	88
114.189	82
114.555	80
114.92	81
115.285	83
115.65	84
116.016	80
116.381	83
116.745	92
117.11	85
117.476	85
117.841	78
118.205	84
118.57	85
118.936	83
119.3	91
119.665	83
120.029	85
120.394	83
120.76	87
121.124	82
121.489	85
121.853	84
122.217	83
122.583	83
122.948	83
123.312	85
123.676	80
124.041	85
124.406	78
124.771	85
125.135	87
125.499	82
125.863	77
126.228	81
126.592	82
126.957	83
127.322	82
127.686	78
128.05	91
128.414	75
128.778	89
129.142	87
129.506	81
129.87	84
130.236	80
130.6	83
130.964	90
131.328	84
131.692	78
132.056	82
132.419	85
132.783	86
133.147	85
133.511	87
133.875	84
134.239	84
134.603	94
134.966	81
135.33	83
135.694	89
136.058	82
136.421	92
136.785	86
137.149	81
137.514	86
137.878	92
138.241	87
138.603	92
138.967	92
139.331	85
139.694	82
140.058	91
140.421	89
140.785	80
141.148	86
141.512	83
141.875	89
142.239	81
142.602	87
142.966	82
143.329	89
143.692	81
144.056	82
144.419	86
144.782	87
145.146	81
145.509	90
145.871	88
146.234	91
146.597	89
146.961	85
147.324	87
147.687	91
148.05	86
148.413	93
148.777	89
149.138	88
149.501	92
149.864	79
150.228	93
150.591	83
150.954	84
151.317	85
151.678	88
152.041	88
152.404	83
152.767	90
153.13	95
153.492	90
153.854	95
154.217	81
154.58	96
154.943	94
155.304	99
155.667	99
156.03	111
156.393	107
156.756	123
157.117	136
157.48	124
157.842	141
158.205	119
158.566	124
158.929	118
159.292	97
159.654	102
160.015	93
160.378	102
160.741	100
161.103	81
161.464	95
161.827	88
162.189	89
162.55	89
162.913	96
163.275	92
163.638	97
163.999	90
164.361	85
164.724	86
165.085	89
165.447	91
165.809	89
166.17	86
166.532	88
166.895	83
167.256	81
167.618	82
167.979	89
168.341	92
168.703	81
169.064	85
169.426	83
169.788	92
170.149	87
170.511	90
170.872	83
171.234	92
171.596	93
171.956	81
172.318	96
172.679	88
173.041	86
173.401	82
173.763	84
174.125	89
174.486	91
174.848	84
175.208	87
175.57	98
175.931	84
176.292	93
176.653	88
177.015	80
177.375	88
177.737	88
178.098	85
178.459	88
178.821	91
179.181	95
179.542	92
179.903	86
180.264	86
180.625	94
180.985	97
181.346	91
181.707	102
182.068	88
182.428	94
182.79	107
183.15	89
183.511	96
183.871	99
184.233	96
184.593	105
184.953	93
185.314	91
185.674	101
186.036	106
186.396	97
186.757	108
187.117	104
187.477	106
187.838	103
188.198	108
188.559	98
188.919	101
189.279	98
189.64	106
190	103
190.359	104
190.721	106
191.08	100
191.44	101
191.801	96
192.161	99
192.52	98
192.882	94
193.241	99
193.601	89
193.962	99
194.321	98
194.681	95
195.042	102
195.401	90
195.761	96
196.122	99
196.481	95
196.841	97
197.2	92
197.561	91
197.92	97
198.28	90
198.639	95
199	94
199.359	98
199.718	90
200.078	88
200.438	84
200.798	85
201.157	88
201.516	85
201.877	95
202.236	91
202.595	87
202.954	95
203.313	91
203.674	94
204.033	90
204.392	92
204.751	93
205.11	90
205.471	91
205.83	99
206.189	87
206.548	98
206.907	101
207.266	100
207.626	100
207.985	95
208.344	90
208.703	105
209.062	100
209.42	92
209.779	100
210.138	98
210.498	97
210.857	103
211.216	107
211.575	105
211.933	114
212.292	121
212.651	113
213.01	105
213.368	114
213.727	105
214.085	97
214.444	105
214.804	101
215.163	104
215.521	101
215.88	95
216.238	102
216.597	106
216.955	96
217.314	96
217.672	91
218.031	94
218.389	95
218.748	92
219.106	94
219.464	92
219.823	96
220.181	84
220.539	92
220.898	89
221.256	85
221.614	97
221.973	96
222.331	93
222.689	89
223.047	88
223.405	102
223.762	92
224.12	92
224.479	94
224.837	85
225.195	91
225.553	90
225.911	95
226.269	107
226.627	102
226.985	98
227.343	100
227.701	90
228.058	95
228.416	87
228.773	106
229.131	98
229.489	99
229.847	98
230.205	90
230.563	102
230.919	93
231.277	96
231.635	100
231.993	91
232.351	105
232.708	101
233.065	97
233.422	107
233.78	91
234.138	102
234.495	100
234.852	101
235.209	106
235.567	96
235.925	114
236.282	101
236.638	113
236.996	104
237.353	107
237.711	108
238.067	93
238.425	99
238.782	113
239.139	91
239.495	101
239.853	104
240.21	110
240.568	108
240.924	105
241.281	105
241.638	112
241.996	112
242.352	108
242.709	108
243.066	106
243.422	104
243.779	108
244.136	110
244.492	107
244.849	100
245.207	104
245.562	101
245.919	102
246.277	106
246.632	95
246.989	95
247.346	101
247.702	106
248.059	102
248.416	106
248.772	98
249.129	108
249.484	100
249.841	107
250.198	104
250.554	103
250.911	116
251.266	117
251.623	109
251.98	112
252.335	109
252.692	114
253.047	109
253.404	115
253.76	118
254.116	117
254.473	121
254.828	107
255.185	116
255.54	124
255.897	115
256.252	115
256.609	118
256.964	111
257.321	119
257.676	118
258.032	113
258.388	113
258.744	111
259.099	117
259.456	119
259.811	106
260.167	114
260.522	110
260.879	107
261.234	107
261.59	114
261.945	103
262.301	114
262.656	113
263.011	106
263.368	99
263.723	107
264.079	105
264.434	100
264.79	115
265.145	109
265.5	105
265.856	107
266.211	102
266.567	106
266.921	104
267.276	105
267.632	104
267.987	99
268.342	105
268.698	98
269.052	106
269.408	93
269.763	100
270.118	96
270.474	103
270.828	96
271.183	106
271.539	93
271.893	98
272.248	109
272.604	95
272.958	90
273.312	101
273.667	100
274.023	91
274.377	103
274.731	92
275.087	102
275.442	90
275.796	94
276.15	93
276.506	101
276.86	86
277.214	99
277.569	100
277.924	100
278.279	101
278.633	95
278.987	103
279.342	92
279.697	99
280.051	94
280.405	93
280.759	94
281.114	99
281.469	98
281.823	100
282.177	91
282.531	96
282.886	93
283.24	90
283.594	86
283.948	96
284.302	95
284.656	101
285.011	86
285.365	94
285.719	92
286.073	101
286.427	89
286.78	92
287.134	102
287.489	96
287.843	97
288.197	104
288.551	92
288.904	91
289.258	86
289.612	101
289.965	98
290.319	99
290.673	91
291.026	86
291.381	98
291.735	98
292.088	88
292.442	94
292.795	95
293.149	100
293.503	98
293.856	101
294.209	103
294.563	110
294.916	94
295.27	99
295.623	99
295.977	102
296.33	105
296.683	95
297.037	95
297.39	104
297.743	102
298.097	110
298.45	105
298.803	96
299.156	98
299.51	95
299.863	108
300.216	98
300.569	103
300.922	99
301.275	102
301.627	103
301.98	97
302.333	104
302.686	108
303.039	103
303.392	104
303.746	118
304.099	109
304.452	120
304.804	105
305.156	118
305.509	127
305.862	122
306.215	121
306.568	117
306.921	137
307.273	138
307.626	130
307.978	151
308.331	150
308.683	151
309.036	165
309.389	170
309.742	172
310.093	201
310.446	207
310.798	201
311.151	212
311.504	208
311.855	220
312.208	222
312.56	241
312.913	218
313.265	218
313.617	195
313.969	180
314.322	171
314.674	173
315.025	159
315.378	157
315.73	150
316.083	164
316.434	150
316.786	150
317.138	139
317.489	134
317.842	139
318.194	146
318.547	139
318.897	127
319.25	115
319.602	129
319.953	117
320.305	129
320.657	112
321.008	122
321.36	112
321.713	118
322.063	105
322.416	105
322.768	110
323.118	110
323.471	112
323.823	101
324.173	103
324.525	104
324.876	111
325.228	106
325.58	104
325.931	98
326.283	112
326.633	100
326.985	104
327.337	97
327.688	98
328.039	98
328.39	101
328.742	103
329.094	98
329.444	106
329.796	92
330.146	102
330.498	96
330.848	91
331.2	97
331.551	96
331.902	95
332.253	97
332.604	99
332.954	101
333.306	95
333.656	95
334.008	97
334.358	101
334.71	95
335.06	98
335.411	98
335.762	99
336.113	96
