39.5698	136.5
39.941	130.5
40.3108	113.5
40.6805	133.5
41.0503	115.5
41.42	119.5
41.7897	112.5
42.1593	111.5
42.529	116.5
42.9001	115.5
43.2697	111.5
43.6393	114.5
44.0089	121.5
44.3784	123.5
44.748	133.5
45.1175	119.5
45.487	106.5
45.8565	112.5
46.226	117.5
46.5955	111.5
46.9649	115.5
47.3343	121.5
47.7052	115.5
48.0746	123.5
48.4439	118.5
48.8133	119.5
49.1826	157.5
49.5519	168.5
49.9212	140.5
50.2905	128.5
50.6598	111.5
51.029	121.5
51.3982	114.5
51.7675	110.5
52.1366	121.5
52.5058	133.5
52.875	128.5
53.2441	142.5
53.6132	167.5
53.9823	176.5
54.3514	204.5
54.7205	197.5
55.0895	167.5
55.4586	156.5
55.8276	162.5
56.1966	178.5
56.5641	165.5
56.9331	161.5
57.302	165.5
57.671	166.5
58.0399	196.5
58.4088	207.5
58.7776	224.5
59.1465	279.5
59.5153	351.5
59.8841	492.5
60.2529	648.5
60.6217	606.5
60.9905	487.5
61.3578	439.5
61.7265	425.5
62.0953	533.5
62.464	687.5
62.8326	864.5
63.2013	1162.5
63.5699	1472.5
63.9386	1597.5
64.3057	1375.5
64.6743	1045.5
65.0429	839.5
65.4114	718.5
65.78	646.5
66.1485	579.5
66.517	469.5
66.884	326.5
67.2525	263.5
67.621	242.5
67.9894	186.5
68.3578	183.5
68.7248	168.5
69.0931	161.5
69.4615	140.5
69.8299	133.5
70.1982	128.5
70.565	152.5
70.9333	130.5
71.3016	131.5
71.6699	131.5
72.0381	147.5
72.4049	153.5
72.7731	167.5
73.1413	180.5
73.5094	220.5
73.8762	290.5
74.2443	347.5
74.6124	361.5
74.9805	356.5
75.3471	257.5
75.7152	207.5
76.0832	174.5
76.4513	156.5
76.8178	127.5
77.1858	132.5
77.5538	129.5
77.9203	108.5
78.2883	109.5
78.6562	106.5
79.0241	116.5
79.3905	113.5
79.7584	119.5
80.1262	114.5
80.4926	111.5
80.8605	107.5
81.2282	102.5
81.5946	105.5
81.9624	99.5
82.3301	101.5
82.6964	95.5
83.0641	107.5
83.4318	103.5
83.798	105.5
84.1657	101.5
84.5319	104.5
84.8995	105.5
85.2671	105.5
85.6333	104.5
86.0008	111.5
86.3684	104.5
86.7345	113.5
87.102	116.5
87.468	114.5
87.8355	109.5
88.2016	119.5
88.569	116.5
88.9364	117.5
89.3024	137.5
89.6698	127.5
90.0357	142.5
90.4031	150.5
90.769	168.5
91.1363	145.5
91.5036	136.5
91.8695	126.5
92.2368	117.5
92.6026	109.5
92.9698	104.5
93.3356	111.5
93.7028	96.5
94.0685	103.5
94.4357	107.5
94.8014	108.5
95.1685	111.5
95.5342	112.5
95.9013	110.5
96.267	112.5
96.634	113.5
96.9996	105.5
97.3666	105.5
97.7322	123.5
98.0992	186.5
98.4647	205.5
98.8317	167.5
99.1972	109.5
99.5641	104.5
99.9296	103.5
100.296	102.5
100.662	109.5
101.027	93.5
101.394	102.5
101.76	96.5
102.126	111.5
102.492	113.5
102.858	117.5
103.224	106.5
103.589	109.5
103.956	99.5
104.321	111.5
104.688	109.5
105.053	103.5
105.418	108.5
105.785	95.5
106.15	111.5
106.515	108.5
106.882	105.5
107.247	106.5
107.613	105.5
107.978	107.5
108.343	109.5
108.71	113.5
109.075	108.5
109.44	105.5
109.806	108.5
110.171	106.5
110.536	110.5
110.903	105.5
111.268	99.5
111.633	105.5
111.999	100.5
112.364	103.5
112.729	106.5
113.093	106.5
113.46	102.5
113.825	108.5
114.189	105.5
114.555	97.5
114.92	104.5
115.285	100.5
115.65	101.5
116.016	98.5
116.381	99.5
116.745	99.5
117.11	104.5
117.476	107.5
117.841	91.5
118.205	105.5
118.57	91.5
118.936	102.5
119.3	107.5
119.665	94.5
120.029	102.5
120.394	99.5
120.76	97.5
121.124	105.5
121.489	101.5
121.853	99.5
122.217	104.5
122.583	97.5
122.948	104.5
123.312	96.5
123.676	91.5
124.041	104.5
124.406	98.5
124.771	93.5
125.135	107.5
125.499	91.5
125.863	97.5
126.228	90.5
126.592	102.5
126.957	99.5
127.322	100.5
127.686	95.5
128.05	105.5
128.414	103.5
128.778	104.5
129.142	98.5
129.506	107.5
129.87	98.5
130.236	98.5
130.6	97.5
130.964	98.5
131.328	106.5
131.692	100.5
132.056	100.5
132.419	102.5
132.783	98.5
133.147	99.5
133.511	108.5
133.875	112.5
134.239	106.5
134.603	99.5
134.966	110.5
135.33	103.5
135.694	103.5
136.058	103.5
136.421	107.5
136.785	105.5
137.149	101.5
137.514	103.5
137.878	97.5
138.241	105.5
138.603	104.5
138.967	98.5
139.331	100.5
139.694	100.5
140.058	99.5
140.421	97.5
140.785	100.5
141.148	104.5
141.512	99.5
141.875	104.5
142.239	103.5
142.602	110.5
142.966	103.5
143.329	107.5
143.692	99.5
144.056	98.5
144.419	101.5
144.782	101.5
145.146	101.5
145.509	104.5
145.871	101.5
146.234	105.5
146.597	96.5
146.961	96.5
147.324	100.5
147.687	92.5
148.05	99.5
148.413	95.5
148.777	106.5
149.138	97.5
149.501	101.5
149.864	108.5
150.228	97.5
150.591	102.5
150.954	97.5
151.317	105.5
151.678	99.5
152.041	102.5
152.404	98.5
152.767	112.5
153.13	105.5
153.492	95.5
153.854	103.5
154.217	102.5
154.58	111.5
154.943	93.5
155.304	110.5
155.667	112.5
156.03	118.5
156.393	110.5
156.756	133.5
157.117	129.5
157.48	136.5
157.842	131.5
158.205	126.5
158.566	122.5
158.929	113.5
159.292	105.5
159.654	106.5
160.015	115.5
160.378	105.5
160.741	108.5
161.103	104.5
161.464	115.5
161.827	103.5
162.189	107.5
162.55	99.5
162.913	112.5
163.275	100.5
163.638	103.5
163.999	110.5
164.361	108.5
164.724	100.5
165.085	109.5
165.447	106.5
165.809	97.5
166.17	112.5
166.532	102.5
166.895	95.5
167.256	104.5
167.618	105.5
167.979	112.5
168.341	113.5
168.703	109.5
169.064	110.5
169.426	101.5
169.788	112.5
170.149	101.5
170.511	108.5
170.872	116.5
171.234	117.5
171.596	109.5
171.956	113.5
172.318	113.5
172.679	116.5
173.041	117.5
173.401	112.5
173.763	123.5
174.125	125.5
174.486	119.5
174.848	118.5
175.208	119.5
175.57	123.5
175.931	119.5
176.292	120.5
176.653	129.5
177.015	131.5
177.375	126.5
177.737	133.5
178.098	133.5
178.459	118.5
178.821	126.5
179.181	125.5
179.542	130.5
179.903	137.5
180.264	142.5
180.625	145.5
180.985	153.5
181.346	144.5
181.707	158.5
182.068	156.5
182.428	161.5
182.79	168.5
183.15	182.5
183.511	180.5
183.871	203.5
184.233	188.5
184.593	194.5
184.953	220.5
185.314	205.5
185.674	200.5
186.036	221.5
186.396	216.5
186.757	215.5
187.117	219.5
187.477	224.5
187.838	213.5
188.198	219.5
188.559	211.5
188.919	214.5
189.279	202.5
189.64	184.5
190	188.5
190.359	174.5
190.721	179.5
191.08	158.5
191.44	169.5
191.801	167.5
192.161	150.5
192.52	158.5
192.882	144.5
193.241	151.5
193.601	131.5
193.962	142.5
194.321	132.5
194.681	136.5
195.042	120.5
195.401	128.5
195.761	133.5
196.122	131.5
196.481	130.5
196.841	128.5
197.2	144.5
197.561	119.5
197.92	115.5
198.28	123.5
198.639	115.5
199	128.5
199.359	122.5
199.718	122.5
200.078	114.5
200.438	122.5
200.798	109.5
201.157	121.5
201.516	123.5
201.877	109.5
202.236	131.5
202.595	109.5
202.954	114.5
203.313	111.5
203.674	113.5
204.033	105.5
204.392	112.5
204.751	117.5
205.11	104.5
205.471	107.5
205.83	109.5
206.189	106.5
206.548	103.5
206.907	110.5
207.266	109.5
207.626	108.5
207.985	105.5
208.344	108.5
208.703	109.5
209.062	108.5
209.42	109.5
209.779	118.5
210.138	106.5
210.498	102.5
210.857	102.5
211.216	109.5
211.575	108.5
211.933	113.5
212.292	105.5
212.651	102.5
213.01	111.5
213.368	103.5
213.727	114.5
214.085	103.5
214.444	105.5
214.804	112.5
215.163	109.5
215.521	100.5
215.88	109.5
216.238	104.5
216.597	115.5
216.955	110.5
217.314	110.5
217.672	108.5
218.031	112.5
218.389	113.5
218.748	115.5
219.106	106.5
219.464	118.5
219.823	104.5
220.181	115.5
220.539	108.5
220.898	114.5
221.256	119.5
221.614	115.5
221.973	116.5
222.331	125.5
222.689	105.5
223.047	124.5
223.405	122.5
223.762	109.5
224.12	115.5
224.479	112.5
224.837	134.5
225.195	121.5
225.553	137.5
225.911	128.5
226.269	110.5
226.627	127.5
226.985	144.5
227.343	120.5
227.701	143.5
228.058	136.5
228.416	138.5
228.773	140.5
229.131	156.5
229.489	144.5
229.847	155.5
230.205	140.5
230.563	117.5
230.919	155.5
231.277	158.5
231.635	152.5
231.993	161.5
232.351	150.5
232.708	163.5
233.065	172.5
233.422	173.5
233.78	182.5
234.138	176.5
234.495	186.5
234.852	174.5
235.209	186.5
235.567	191.5
235.925	203.5
236.282	196.5
236.638	218.5
236.996	212.5
237.353	210.5
237.711	206.5
238.067	226.5
238.425	213.5
238.782	224.5
239.139	227.5
239.495	218.5
239.853	205.5
240.21	229.5
240.568	213.5
240.924	231.5
241.281	215.5
241.638	215.5
241.996	212.5
242.352	197.5
242.709	213.5
243.066	205.5
243.422	195.5
243.779	187.5
244.136	180.5
244.492	179.5
244.849	172.5
245.207	180.5
245.562	175.5
245.919	176.5
246.277	162.5
246.632	161.5
246.989	162.5
247.346	162.5
247.702	175.5
248.059	137.5
248.416	152.5
248.772	158.5
249.129	163.5
249.484	148.5
249.841	147.5
250.198	139.5
250.554	145.5
250.911	157.5
251.266	147.5
251.623	150.5
251.98	141.5
252.335	137.5
252.692	142.5
253.047	153.5
253.404	136.5
253.76	149.5
254.116	137.5
254.473	139.5
254.828	134.5
255.185	149.5
255.54	153.5
255.897	142.5
256.252	149.5
256.609	147.5
256.964	148.5
257.321	146.5
257.676	148.5
258.032	152.5
258.388	145.5
258.744	143.5
259.099	137.5
259.456	150.5
259.811	131.5
260.167	148.5
260.522	142.5
260.879	147.5
261.234	132.5
261.59	146.5
261.945	131.5
262.301	140.5
262.656	139.5
263.011	126.5
263.368	122.5
263.723	135.5
264.079	130.5
264.434	130.5
264.79	132.5
265.145	129.5
265.5	136.5
265.856	125.5
266.211	133.5
266.567	137.5
266.921	126.5
267.276	127.5
267.632	123.5
267.987	125.5
268.342	119.5
268.698	122.5
269.052	115.5
269.408	120.5
269.763	122.5
270.118	122.5
270.474	112.5
270.828	120.5
271.183	126.5
271.539	124.5
271.893	116.5
272.248	112.5
272.604	119.5
272.958	122.5
273.312	114.5
273.667	118.5
274.023	107.5
274.377	123.5
274.731	117.5
275.087	112.5
275.442	130.5
275.796	129.5
276.15	130.5
276.506	122.5
276.86	118.5
277.214	125.5
277.569	117.5
277.924	120.5
278.279	115.5
278.633	117.5
278.987	120.5
279.342	116.5
279.697	116.5
280.051	125.5
280.405	116.5
280.759	124.5
281.114	116.5
281.469	126.5
281.823	118.5
282.177	122.5
282.531	133.5
282.886	105.5
283.24	126.5
283.594	118.5
283.948	127.5
284.302	136.5
284.656	128.5
285.011	117.5
285.365	122.5
285.719	135.5
286.073	139.5
286.427	140.5
286.78	130.5
287.134	146.5
287.489	139.5
287.843	147.5
288.197	149.5
288.551	162.5
288.904	155.5
289.258	141.5
289.612	163.5
289.965	154.5
290.319	168.5
290.673	165.5
291.026	163.5
291.381	151.5
291.735	158.5
292.088	170.5
292.442	184.5
292.795	183.5
293.149	193.5
293.503	207.5
293.856	203.5
294.209	191.5
294.563	197.5
294.916	198.5
295.27	211.5
295.623	201.5
295.977	200.5
296.33	221.5
296.683	219.5
297.037	221.5
297.39	222.5
297.743	228.5
298.097	233.5
298.45	224.5
298.803	244.5
299.156	223.5
299.51	259.5
299.863	253.5
300.216	261.5
300.569	259.5
300.922	272.5
301.275	294.5
301.627	281.5
301.98	313.5
302.333	308.5
302.686	312.5
303.039	338.5
303.392	361.5
303.746	390.5
304.099	406.5
304.452	427.5
304.804	448.5
305.156	475.5
305.509	512.5
305.862	550.5
306.215	568.5
306.568	640.5
306.921	699.5
307.273	740.5
307.626	758.5
307.978	882.5
308.331	972.5
308.683	1010.5
309.036	1179.5
309.389	1298.5
309.742	1404.5
310.093	1500.5
310.446	1662.5
310.798	1832.5
311.151	1863.5
311.504	1913.5
311.855	1928.5
312.208	1905.5
312.56	1818.5
312.913	1691.5
313.265	1554.5
313.617	1455.5
313.969	1334.5
314.322	1230.5
314.674	1107.5
315.025	1054.5
315.378	996.5
315.73	918.5
316.083	873.5
316.434	747.5
316.786	779.5
317.138	707.5
317.489	717.5
317.842	602.5
318.194	599.5
318.547	543.5
318.897	547.5
319.25	487.5
319.602	473.5
319.953	468.5
320.305	396.5
320.657	409.5
321.008	393.5
321.36	370.5
321.713	348.5
322.063	337.5
322.416	327.5
322.768	314.5
323.118	293.5
323.471	279.5
323.823	258.5
324.173	255.5
324.525	256.5
324.876	222.5
325.228	224.5
325.58	258.5
325.931	212.5
326.283	226.5
326.633	205.5
326.985	219.5
327.337	207.5
327.688	193.5
328.039	220.5
328.39	188.5
328.742	198.5
329.094	189.5
329.444	176.5
329.796	192.5
330.146	172.5
330.498	179.5
330.848	166.5
331.2	174.5
331.551	169.5
331.902	162.5
332.253	160.5
332.604	160.5
332.954	150.5
333.306	169.5
333.656	158.5
334.008	161.5
334.358	169.5
334.71	157.5
335.06	154.5
335.411	168.5
335.762	147.5
336.113	155.5
